20201104015324868
20201104015325154
20201104015325547
20201104015325797
20201104015326272
20201104015326562
20201104015326830
20201104015327071
20201104015327734
20201104015328177
20201104015328522
20201104015328795
20201104015329261
20201104015329547
20201104015330002
20201104015330487
20201104015330910
20201104015331174
20201104015331437
20201104015331821
20201104015332109
20201104015332458
20201104015332813
20201104015333217
20201104015333474
20201104015333852
20201104015334204
20201104015334471
20201104015334862
20201104015335203
20201104015335533
20201104015335780
20201104015336092
20201104015336419
20201104015336783
20201104015337035
20201104015337280
20201104015337674
20201104015338148
20201104015338375
20201104015338799
20201104015339166
20201104015339568
20201104015339807
20201104015340129
20201104015340393
20201104015340987
20201104015341404
20201104015341835
20201104015342129
20201104015342376
20201104015342639
20201104015342964
20201104015343289
20201104015343555
20201104015343865
20201104015344156
20201104015344567
20201104015344905
20201104015345229
20201104015345646
20201104015345915
20201104015346504
20201104015346804
20201104015347158
20201104015347580
20201104015348165
20201104015348421
20201104015348744
20201104015348964
20201104015349439
20201104015349785
20201104015350099
20201104015350371
20201104015350617
20201104015350896
20201104015351199
20201104015351533
20201104015351882
20201104015352381
20201104015352790
20201104015353311
20201104015353901
20201104015354358
20201104015354755
20201104015355211
20201104015355556
20201104015355885
20201104015356630
20201104015357181
20201104015357622
20201104015357997
20201104015358429
20201104015358756
20201104015359253
20201104015359658
20201104015400120
20201104015400525
20201104015400828
20201104015401249
20201104015402081
20201104015403744
20201104015404708
20201104015405577
20201104015405983
20201104015406388
20201104015406822
20201104015407138
20201104015407569
20201104015407985
20201104015408400
20201104015408673
20201104015409073
20201104015409456
20201104015409744
20201104015410098
20201104015410607
20201104015411071
20201104015411403
20201104015411732
20201104015412085
20201104015412385
20201104015412749
20201104015413005
20201104015413350
20201104015413712
20201104015414004
20201104015414372
20201104015414744
20201104015415052
20201104015415441
20201104015415725
20201104015416131
20201104015416644
20201104015417032
20201104015417409
20201104015417698
20201104015418069
20201104015418332
20201104015418664
20201104015418990
20201104015419340
20201104015419734
20201104015420233
20201104015420732
20201104015421425
20201104015421791
20201104015422283
20201104015422887
20201104015423352
20201104015423769
20201104015424160
20201104015424461
20201104015424841
20201104015425230
20201104015425876
20201104015426358
20201104015426617
20201104015427068
20201104015427401
20201104015427997
20201104015428542
20201104015428800
20201104015429076
20201104015429504
20201104015429866
20201104015430196
20201104015430501
20201104015430949
20201104015431340
20201104015431757
20201104015432168
20201104015432654
20201104015432975
20201104015433428
20201104015433695
20201104015434024
20201104015434306
20201104015434633
20201104015434996
20201104015435324
20201104015435783
20201104015436117
20201104015436582
20201104015436959
20201104015437605
20201104015437919
20201104015438374
20201104015438755
20201104015439079
20201104015439496
20201104015439817
20201104015440070
20201104015440434
20201104015440734
20201104015441147
20201104015441361
20201104015441661
20201104015441976
20201104015442233
20201104015442482
20201104015442792
20201104015443144
20201104015443406
20201104015443676
20201104015444108
20201104015444410
20201104015444825
20201104015445361
20201104015445712
20201104015446103
20201104015446434
20201104015446727
20201104015447048
20201104015447283
20201104015447680
20201104015448013
20201104015448266
20201104015448549
20201104015448833
20201104015449230
20201104015449492
20201104015449919
20201104015450194
20201104015450517
20201104015450848
20201104015451236
20201104015451494
20201104015451754
20201104015451995
20201104015452303
20201104015452551
20201104015452810
20201104015453230
20201104015453563
20201104015453918
20201104015454282
20201104015454778
20201104015455140
20201104015455435
20201104015455739
20201104015456147
20201104015456406
20201104015456810
20201104015457202
20201104015457550
20201104015457814
20201104015458119
20201104015458367
20201104015458751
20201104015459110
20201104015459382
20201104015459747
20201104015500198
20201104015500486
20201104015500864
20201104015501165
20201104015501616
20201104015502061
20201104015502407
20201104015502748
20201104015503028
20201104015503353
20201104015503653
20201104015504147
20201104015504435
20201104015504786
20201104015505229
20201104015505521
20201104015505792
20201104015506176
20201104015506449
20201104015506827
20201104015507251
20201104015507501
20201104015507827
20201104015508195
20201104015508526
20201104015508798
20201104015509100
20201104015509612
20201104015509862
20201104015510174
20201104015510406
20201104015510656
20201104015511030
20201104015511403
20201104015511688
20201104015512147
20201104015512419
20201104015512733
20201104015513114
20201104015513510
20201104015513958
20201104015514376
20201104015514750
20201104015515136
20201104015515430
20201104015515845
20201104015516282
20201104015516595
20201104015517012
20201104015517382
20201104015517790
20201104015518149
20201104015518518
20201104015518927
20201104015519418
20201104015519720
20201104015520018
20201104015520394
20201104015520776
20201104015521129
20201104015521484
20201104015523014
20201104015523305
20201104015523541
20201104015523783
20201104015524043
20201104015524269
