20201104015306731
20201104015306765
20201104015306799
20201104015306836
20201104015306872
20201104015306912
20201104015306957
20201104015306993
20201104015307031
20201104015307074
20201104015307111
20201104015307152
20201104015307188
20201104015307228
20201104015307264
20201104015307302
20201104015307337
20201104015307371
20201104015307407
20201104015307441
20201104015307475
20201104015307509
20201104015307544
20201104015307578
20201104015307613
20201104015307648
20201104015307682
20201104015307717
20201104015307754
20201104015307788
20201104015307826
20201104015307860
20201104015307894
20201104015307930
20201104015307966
20201104015308001
20201104015308037
20201104015308072
20201104015308106
20201104015308140
20201104015308174
20201104015308209
20201104015308244
20201104015308279
20201104015308314
20201104015308349
20201104015308386
20201104015308425
20201104015308460
20201104015308494
20201104015308533
20201104015308567
20201104015308601
20201104015308641
20201104015308674
20201104015308708
20201104015308742
20201104015308776
20201104015308810
20201104015308844
20201104015308880
20201104015308915
20201104015308950
20201104015308990
20201104015309024
20201104015309059
20201104015309099
20201104015309134
20201104015309169
20201104015309204
20201104015309242
20201104015309280
20201104015309314
20201104015309349
20201104015309393
20201104015309428
20201104015309467
20201104015309503
20201104015309540
20201104015309575
20201104015309609
20201104015309643
20201104015309677
20201104015309711
20201104015309747
20201104015309782
20201104015309823
20201104015309861
20201104015309896
20201104015309930
20201104015309965
20201104015310000
20201104015310036
20201104015310070
20201104015310106
20201104015310141
20201104015310176
20201104015310211
20201104015310246
20201104015310281
20201104015310325
20201104015310358
20201104015310398
20201104015310433
20201104015310468
20201104015310505
20201104015310540
20201104015310574
20201104015310611
20201104015310647
20201104015310681
20201104015310716
20201104015310750
20201104015310788
20201104015310828
20201104015310863
20201104015310897
20201104015310933
20201104015310968
20201104015311002
20201104015311037
20201104015311076
20201104015311110
20201104015311146
20201104015311180
20201104015311216
20201104015311255
20201104015311293
20201104015311328
20201104015311362
20201104015311397
20201104015311431
20201104015311466
20201104015311501
20201104015311535
20201104015311571
20201104015311606
20201104015311642
20201104015311677
20201104015311711
20201104015311746
20201104015311780
20201104015311817
20201104015311854
20201104015311891
20201104015311927
20201104015311967
20201104015312002
20201104015312038
20201104015312074
20201104015312109
20201104015312145
20201104015312179
20201104015312215
20201104015312250
20201104015312287
20201104015312323
20201104015312357
20201104015312397
20201104015312432
20201104015312466
20201104015312501
20201104015312538
20201104015312572
20201104015312606
20201104015312641
20201104015312676
20201104015312711
20201104015312745
20201104015312778
20201104015312813
20201104015312853
20201104015312888
20201104015312926
20201104015312962
20201104015312996
20201104015313034
20201104015313070
20201104015313106
20201104015313143
20201104015313180
20201104015313215
20201104015313253
20201104015313287
20201104015313321
20201104015313359
20201104015313394
20201104015313431
20201104015313466
20201104015313500
20201104015313534
20201104015313569
20201104015313605
20201104015313641
20201104015313677
20201104015313713
20201104015313750
20201104015313785
20201104015313824
20201104015313859
20201104015313895
20201104015313933
20201104015313969
20201104015314004
20201104015314039
20201104015314074
20201104015314108
20201104015314145
20201104015314179
20201104015314213
20201104015314246
20201104015314281
20201104015314316
20201104015314351
20201104015314389
20201104015314423
20201104015314460
20201104015314495
20201104015314529
20201104015314564
20201104015314602
20201104015314639
20201104015314674
20201104015314709
20201104015314742
20201104015314777
20201104015314813
20201104015314847
20201104015314884
20201104015314924
20201104015314963
20201104015314999
20201104015315035
20201104015315070
20201104015315104
20201104015315140
20201104015315174
20201104015315210
20201104015315246
20201104015315280
20201104015315315
20201104015315354
20201104015315394
20201104015315442
20201104015315476
20201104015315510
20201104015315546
20201104015315583
20201104015315619
20201104015315656
20201104015315692
20201104015315726
20201104015315761
20201104015315798
20201104015315834
20201104015315870
20201104015315906
20201104015315940
20201104015315974
20201104015316008
20201104015316044
20201104015316081
20201104015316119
20201104015316154
20201104015316195
20201104015316230
20201104015316264
20201104015316299
20201104015316334
20201104015316370
20201104015316404
20201104015316440
20201104015316475
20201104015316509
20201104015316543
20201104015316578
20201104015316616
20201104015316655
20201104015316692
20201104015316726
20201104015316760
20201104015316803
20201104015316838
20201104015316873
20201104015316909
20201104015316944
20201104015316980
20201104015317018
20201104015317060
20201104015317095
20201104015317130
20201104015317165
20201104015317200
20201104015317237
20201104015317271
20201104015317306
20201104015317345
20201104015317388
20201104015317428
20201104015317463
20201104015317502
20201104015317543
20201104015317578
20201104015317620
20201104015317661
20201104015317696
20201104015317730
20201104015317765
20201104015317798
20201104015317834
20201104015317869
20201104015317903
20201104015317939
20201104015317973
20201104015318007
20201104015318041
20201104015318081
20201104015318122
20201104015318163
20201104015318198
20201104015318233
20201104015318267
20201104015318303
20201104015318339
20201104015318373
20201104015318408
20201104015318443
20201104015318478
20201104015318515
20201104015318553
20201104015318591
20201104015318625
20201104015318663
20201104015318697
20201104015318733
20201104015318771
20201104015318807
20201104015318846
20201104015318885
20201104015318920
20201104015318957
20201104015318991
20201104015319026
20201104015319061
20201104015319096
20201104015319130
20201104015319165
20201104015319200
20201104015319235
20201104015319272
20201104015319307
20201104015319344
20201104015319381
20201104015319418
20201104015319454
20201104015319495
20201104015319529
20201104015319565
20201104015319600
20201104015319634
20201104015319672
20201104015319706
20201104015319741
20201104015319775
20201104015319811
20201104015319846
20201104015319882
20201104015319921
20201104015319957
20201104015319991
20201104015320026
20201104015320060
20201104015320095
20201104015320130
20201104015320164
20201104015320199
20201104015320233
20201104015320270
20201104015320305
20201104015320340
20201104015320375
20201104015320411
20201104015320447
20201104015320487
20201104015320521
20201104015320557
20201104015320591
20201104015320625
20201104015320662
20201104015320698
20201104015320747
20201104015320782
20201104015320819
20201104015320859
20201104015320893
20201104015320932
20201104015320966
20201104015321005
20201104015321041
20201104015321076
20201104015321111
20201104015321148
20201104015321192
20201104015321232
20201104015321271
20201104015321308
20201104015321344
20201104015321379
20201104015321429
20201104015321465
20201104015321507
20201104015321542
20201104015321576
20201104015321611
20201104015321651
20201104015321692
20201104015321727
20201104015321765
20201104015321803
20201104015321842
20201104015321884
20201104015321923
20201104015321958
20201104015321992
20201104015322028
20201104015322067
20201104015322102
20201104015322140
20201104015322177
20201104015322215
20201104015322258
20201104015322293
20201104015322328
20201104015322362
20201104015322397
20201104015322432
20201104015322469
20201104015322504
20201104015322540
20201104015322574
20201104015322610
20201104015322646
20201104015322684
20201104015322721
20201104015322761
20201104015322795
20201104015322830
20201104015322866
20201104015322902
20201104015322940
20201104015322975
20201104015323010
20201104015323046
20201104015323082
20201104015323117
20201104015323158
20201104015323193
20201104015323227
20201104015323262
20201104015323296
20201104015323331
20201104015323365
20201104015323400
20201104015323440
20201104015323478
20201104015323514
20201104015323553
20201104015323587
20201104015323628
20201104015323662
20201104015323697
20201104015323733
20201104015323770
20201104015323804
20201104015323840
20201104015323874
20201104015323908
20201104015323956
20201104015323993
20201104015324027
20201104015324061
20201104015324095
20201104015324131
20201104015324167
20201104015324202
20201104015324237
20201104015324273
20201104015324307
20201104015324342
20201104015324378
20201104015324418
20201104015324455
20201104015324492
20201104015324526
20201104015324561
20201104015324597
20201104015324631
20201104015324666
20201104015324702
20201104015324736
20201104015324773
20201104015324813
20201104015324861
20201104015324905
20201104015324952
20201104015324991
20201104015325027
20201104015325075
20201104015325110
20201104015325147
20201104015325191
20201104015325229
20201104015325267
20201104015325305
20201104015325353
20201104015325394
20201104015325430
20201104015325466
20201104015325500
20201104015325540
20201104015325579
20201104015325622
20201104015325679
20201104015325727
20201104015325774
20201104015325816
20201104015325906
20201104015325955
20201104015325992
20201104015326028
20201104015326063
20201104015326098
20201104015326137
20201104015326181
20201104015326227
20201104015326263
20201104015326303
20201104015326345
20201104015326390
20201104015326432
20201104015326486
20201104015326536
20201104015326587
20201104015326626
20201104015326661
20201104015326709
20201104015326759
20201104015326797
20201104015326833
20201104015326881
20201104015326929
20201104015326965
20201104015327015
20201104015327064
20201104015327108
20201104015327160
20201104015327201
20201104015327241
20201104015327284
20201104015327322
20201104015327361
20201104015327396
20201104015327437
20201104015327474
20201104015327515
20201104015327553
20201104015327592
20201104015327627
20201104015327661
20201104015327701
20201104015327740
20201104015327791
20201104015327826
20201104015327862
20201104015327901
20201104015327940
20201104015327984
20201104015328020
20201104015328074
20201104015328109
20201104015328164
20201104015328208
20201104015328244
20201104015328295
20201104015328337
20201104015328375
20201104015328418
20201104015328456
20201104015328500
20201104015328541
20201104015328575
20201104015328610
20201104015328646
20201104015328691
20201104015328733
20201104015328855
20201104015328924
20201104015328984
20201104015329025
20201104015329068
20201104015329109
20201104015329167
20201104015329217
20201104015329266
20201104015329306
20201104015329349
20201104015329420
20201104015329501
20201104015329559
20201104015329597
20201104015329637
20201104015329678
20201104015329718
20201104015329758
20201104015329797
20201104015329837
20201104015329918
20201104015329966
20201104015330005
20201104015330049
20201104015330092
20201104015330143
20201104015330181
20201104015330233
20201104015330284
20201104015330326
20201104015330427
20201104015330495
20201104015330542
20201104015330596
20201104015330639
20201104015330693
20201104015330731
20201104015330776
20201104015330823
20201104015330860
20201104015330899
20201104015330943
20201104015330980
20201104015331029
20201104015331073
20201104015331132
20201104015331166
20201104015331202
20201104015331246
20201104015331290
20201104015331325
20201104015331367
20201104015331404
20201104015331467
20201104015331510
20201104015331552
20201104015331592
20201104015331628
20201104015331666
20201104015331701
20201104015331738
20201104015331786
20201104015331828
20201104015331867
20201104015331935
20201104015331972
20201104015332008
20201104015332044
20201104015332081
20201104015332123
20201104015332166
20201104015332209
20201104015332257
20201104015332292
20201104015332327
20201104015332364
20201104015332404
20201104015332440
20201104015332480
20201104015332524
20201104015332557
20201104015332592
20201104015332627
20201104015332663
20201104015332699
20201104015332746
20201104015332791
20201104015332845
20201104015332880
20201104015332922
20201104015332970
20201104015333008
20201104015333045
20201104015333081
20201104015333125
20201104015333159
20201104015333196
20201104015333233
20201104015333267
20201104015333310
20201104015333356
20201104015333393
20201104015333430
20201104015333464
20201104015333504
20201104015333549
20201104015333593
20201104015333627
20201104015333661
20201104015333696
20201104015333730
20201104015333764
20201104015333805
20201104015333856
20201104015333895
20201104015333934
20201104015333977
20201104015334021
20201104015334057
20201104015334097
20201104015334133
20201104015334178
20201104015334214
20201104015334250
20201104015334285
20201104015334328
20201104015334364
20201104015334402
20201104015334442
20201104015334484
20201104015334523
20201104015334557
20201104015334592
20201104015334627
20201104015334662
20201104015334697
20201104015334730
20201104015334774
20201104015334826
20201104015334871
20201104015334923
20201104015334968
20201104015335013
20201104015335048
20201104015335083
20201104015335127
20201104015335172
20201104015335206
20201104015335241
20201104015335275
20201104015335310
20201104015335350
20201104015335392
20201104015335426
20201104015335462
20201104015335513
20201104015335554
20201104015335590
20201104015335633
20201104015335681
20201104015335726
20201104015335767
20201104015335814
20201104015335858
20201104015335894
20201104015335934
20201104015335975
20201104015336023
20201104015336066
20201104015336110
20201104015336157
20201104015336203
20201104015336244
20201104015336297
20201104015336333
20201104015336368
20201104015336423
20201104015336460
20201104015336499
20201104015336539
20201104015336589
20201104015336626
20201104015336662
20201104015336707
20201104015336764
20201104015336808
20201104015336875
20201104015336933
20201104015336993
20201104015337034
20201104015337089
20201104015337154
20201104015337196
20201104015337230
20201104015337268
20201104015337303
20201104015337346
20201104015337382
20201104015337426
20201104015337460
20201104015337494
20201104015337537
20201104015337572
20201104015337606
20201104015337644
20201104015337717
20201104015337757
20201104015337794
20201104015337839
20201104015337886
20201104015337927
20201104015337979
20201104015338016
20201104015338052
20201104015338093
20201104015338128
20201104015338165
20201104015338207
20201104015338263
20201104015338309
20201104015338357
20201104015338391
20201104015338427
20201104015338463
20201104015338504
20201104015338548
20201104015338582
20201104015338623
20201104015338662
20201104015338699
20201104015338743
20201104015338780
20201104015338822
20201104015338856
20201104015338890
20201104015338930
20201104015338965
20201104015339000
20201104015339034
20201104015339072
20201104015339109
20201104015339148
20201104015339185
20201104015339220
20201104015339255
20201104015339298
20201104015339339
20201104015339376
20201104015339414
20201104015339448
20201104015339488
20201104015339530
20201104015339595
20201104015339634
20201104015339687
20201104015339729
20201104015339769
20201104015339814
20201104015339855
20201104015339893
20201104015339928
20201104015339963
20201104015339998
20201104015340034
20201104015340073
20201104015340114
20201104015340160
20201104015340196
20201104015340240
20201104015340300
20201104015340368
20201104015340442
20201104015340527
20201104015340585
20201104015340625
20201104015340664
20201104015340709
20201104015340786
20201104015340832
20201104015340885
20201104015340924
20201104015340991
20201104015341046
20201104015341090
20201104015341127
20201104015341170
20201104015341243
20201104015341289
20201104015341324
20201104015341358
20201104015341399
20201104015341454
20201104015341503
20201104015341555
20201104015341591
20201104015341628
20201104015341664
20201104015341703
20201104015341740
20201104015341776
20201104015341810
20201104015341845
20201104015341884
20201104015341922
20201104015341958
20201104015341992
20201104015342027
20201104015342061
20201104015342095
20201104015342138
20201104015342187
20201104015342224
20201104015342269
20201104015342304
20201104015342350
20201104015342391
20201104015342426
20201104015342465
20201104015342502
20201104015342536
20201104015342570
20201104015342620
20201104015342662
20201104015342701
20201104015342736
20201104015342775
20201104015342809
20201104015342844
20201104015342881
20201104015342925
20201104015342959
20201104015343001
20201104015343037
20201104015343079
20201104015343115
20201104015343152
20201104015343186
20201104015343222
20201104015343257
20201104015343300
20201104015343339
20201104015343387
20201104015343426
20201104015343463
20201104015343503
20201104015343539
20201104015343574
20201104015343608
20201104015343643
20201104015343678
20201104015343713
20201104015343754
20201104015343791
20201104015343827
20201104015343860
20201104015343894
20201104015343933
20201104015343996
20201104015344038
20201104015344089
20201104015344126
20201104015344159
20201104015344194
20201104015344228
20201104015344263
20201104015344300
20201104015344349
20201104015344386
20201104015344432
20201104015344472
20201104015344512
20201104015344555
20201104015344597
20201104015344637
20201104015344680
20201104015344720
20201104015344757
20201104015344796
20201104015344833
20201104015344875
20201104015344912
20201104015344949
20201104015344987
20201104015345027
20201104015345064
20201104015345100
20201104015345150
20201104015345196
20201104015345235
20201104015345280
20201104015345325
20201104015345387
20201104015345423
20201104015345463
20201104015345517
20201104015345556
20201104015345605
20201104015345651
20201104015345694
20201104015345767
20201104015345893
20201104015345944
20201104015346037
20201104015346076
20201104015346111
20201104015346153
20201104015346199
20201104015346261
20201104015346300
20201104015346376
20201104015346431
20201104015346470
20201104015346518
20201104015346558
20201104015346610
20201104015346653
20201104015346687
20201104015346726
20201104015346764
20201104015346809
20201104015346846
20201104015346886
20201104015346927
20201104015346969
20201104015347006
20201104015347044
20201104015347085
20201104015347141
20201104015347179
20201104015347217
20201104015347251
20201104015347291
20201104015347328
20201104015347364
20201104015347404
20201104015347444
20201104015347485
20201104015347523
20201104015347559
20201104015347597
20201104015347640
20201104015347680
20201104015347730
20201104015347781
20201104015347818
20201104015347853
20201104015347889
20201104015347924
20201104015347987
20201104015348029
20201104015348065
20201104015348103
20201104015348143
20201104015348189
20201104015348223
20201104015348257
20201104015348313
20201104015348361
20201104015348397
20201104015348432
20201104015348468
20201104015348503
20201104015348542
20201104015348578
20201104015348612
20201104015348646
20201104015348681
20201104015348719
20201104015348756
20201104015348793
20201104015348831
20201104015348893
20201104015348930
20201104015348973
20201104015349007
20201104015349042
20201104015349076
20201104015349115
20201104015349153
20201104015349189
20201104015349225
20201104015349259
20201104015349297
20201104015349332
20201104015349375
20201104015349422
20201104015349463
20201104015349500
20201104015349540
20201104015349578
20201104015349617
20201104015349655
20201104015349691
20201104015349728
20201104015349773
20201104015349822
20201104015349861
20201104015349911
20201104015349958
20201104015350017
20201104015350063
20201104015350111
20201104015350162
20201104015350222
20201104015350299
20201104015350360
20201104015350395
20201104015350432
20201104015350476
20201104015350521
20201104015350556
20201104015350595
20201104015350641
20201104015350679
20201104015350713
20201104015350750
20201104015350791
20201104015350831
20201104015350879
20201104015350919
20201104015350958
20201104015350997
20201104015351069
20201104015351122
20201104015351171
20201104015351214
20201104015351254
20201104015351290
20201104015351324
20201104015351358
20201104015351398
20201104015351439
20201104015351480
20201104015351516
20201104015351553
20201104015351592
20201104015351634
20201104015351674
20201104015351714
20201104015351753
20201104015351794
20201104015351830
20201104015351875
20201104015351917
20201104015351954
20201104015351993
20201104015352037
20201104015352083
20201104015352150
20201104015352187
20201104015352225
20201104015352260
20201104015352305
20201104015352349
20201104015352404
20201104015352448
20201104015352492
20201104015352534
20201104015352578
20201104015352616
20201104015352667
20201104015352702
20201104015352743
20201104015352778
20201104015352825
20201104015352861
20201104015352903
20201104015352944
20201104015353017
20201104015353084
20201104015353145
20201104015353192
20201104015353233
20201104015353285
20201104015353323
20201104015353363
20201104015353423
20201104015353503
20201104015353553
20201104015353587
20201104015353629
20201104015353666
20201104015353710
20201104015353744
20201104015353780
20201104015353816
20201104015353861
20201104015353921
20201104015353980
20201104015354049
20201104015354082
20201104015354125
20201104015354161
20201104015354200
20201104015354245
20201104015354284
20201104015354339
20201104015354377
20201104015354422
20201104015354460
20201104015354516
20201104015354557
20201104015354598
20201104015354641
20201104015354693
20201104015354759
20201104015354821
20201104015354902
20201104015354953
20201104015355028
20201104015355065
20201104015355106
20201104015355151
20201104015355202
20201104015355243
20201104015355284
20201104015355330
20201104015355366
20201104015355426
20201104015355462
20201104015355509
20201104015355550
20201104015355598
20201104015355631
20201104015355683
20201104015355719
20201104015355754
20201104015355795
20201104015355833
20201104015355876
20201104015355927
20201104015355966
20201104015356011
20201104015356054
20201104015356092
20201104015356155
20201104015356216
20201104015356317
20201104015356366
20201104015356413
20201104015356461
20201104015356536
20201104015356599
20201104015356651
20201104015356710
20201104015356761
20201104015356810
20201104015356854
20201104015356891
20201104015356926
20201104015356974
20201104015357013
20201104015357058
20201104015357110
20201104015357176
20201104015357226
20201104015357302
20201104015357370
20201104015357418
20201104015357467
20201104015357526
20201104015357574
20201104015357627
20201104015357666
20201104015357713
20201104015357760
20201104015357816
20201104015357863
20201104015357928
20201104015357985
20201104015358028
20201104015358079
20201104015358122
20201104015358160
20201104015358200
20201104015358246
20201104015358285
20201104015358322
20201104015358363
20201104015358410
20201104015358450
20201104015358495
20201104015358543
20201104015358594
20201104015358638
20201104015358677
20201104015358717
20201104015358757
20201104015358799
20201104015358848
20201104015358884
20201104015358921
20201104015358959
20201104015359009
20201104015359049
20201104015359089
20201104015359149
20201104015359192
20201104015359227
20201104015359270
20201104015359323
20201104015359398
20201104015359448
20201104015359493
20201104015359576
20201104015359624
20201104015359680
20201104015359725
20201104015359807
20201104015359850
20201104015359893
20201104015359928
20201104015359966
20201104015400011
20201104015400057
20201104015400099
20201104015400138
20201104015400174
20201104015400214
20201104015400253
20201104015400288
20201104015400328
20201104015400366
20201104015400410
20201104015400447
20201104015400485
20201104015400531
20201104015400574
20201104015400618
20201104015400663
20201104015400707
20201104015400745
20201104015400786
20201104015400825
20201104015400866
20201104015400904
20201104015400943
20201104015400978
20201104015401016
20201104015401053
20201104015401087
20201104015401125
20201104015401162
20201104015401199
20201104015401241
20201104015401279
20201104015401320
20201104015401380
20201104015401440
20201104015401477
20201104015401523
20201104015401564
20201104015401614
20201104015401679
20201104015401738
20201104015401785
20201104015401823
20201104015401867
20201104015401969
20201104015402023
20201104015402067
20201104015402111
20201104015402147
20201104015402184
20201104015402245
20201104015402300
20201104015402357
20201104015402400
20201104015402451
20201104015402501
20201104015402547
20201104015402593
20201104015402655
20201104015402749
20201104015402809
20201104015402874
20201104015402926
20201104015402990
20201104015403050
20201104015403124
20201104015403185
20201104015403251
20201104015403310
20201104015403373
20201104015403430
20201104015403486
20201104015403556
20201104015403624
20201104015403677
20201104015403728
20201104015403783
20201104015403843
20201104015403908
20201104015403958
20201104015404044
20201104015404108
20201104015404153
20201104015404203
20201104015404257
20201104015404294
20201104015404339
20201104015404414
20201104015404461
20201104015404511
20201104015404545
20201104015404580
20201104015404618
20201104015404657
20201104015404727
20201104015404792
20201104015404836
20201104015404871
20201104015404910
20201104015404946
20201104015404981
20201104015405017
20201104015405058
20201104015405104
20201104015405144
20201104015405186
20201104015405226
20201104015405293
20201104015405370
20201104015405437
20201104015405481
20201104015405520
20201104015405580
20201104015405626
20201104015405665
20201104015405711
20201104015405748
20201104015405785
20201104015405822
20201104015405861
20201104015405898
20201104015405940
20201104015405975
20201104015406011
20201104015406047
20201104015406085
20201104015406122
20201104015406157
20201104015406197
20201104015406246
20201104015406301
20201104015406371
20201104015406424
20201104015406465
20201104015406515
20201104015406568
20201104015406612
20201104015406650
20201104015406690
20201104015406733
20201104015406777
20201104015406814
20201104015406854
20201104015406891
20201104015406939
20201104015406984
20201104015407021
20201104015407072
20201104015407111
20201104015407156
20201104015407210
20201104015407253
20201104015407306
20201104015407341
20201104015407389
20201104015407439
20201104015407480
20201104015407520
20201104015407556
20201104015407594
20201104015407650
20201104015407699
20201104015407744
20201104015407795
20201104015407841
20201104015407879
20201104015407927
20201104015407977
20201104015408024
20201104015408073
20201104015408111
20201104015408151
20201104015408201
20201104015408239
20201104015408279
20201104015408316
20201104015408355
20201104015408393
20201104015408431
20201104015408479
20201104015408526
20201104015408570
20201104015408615
20201104015408651
20201104015408686
20201104015408723
20201104015408773
20201104015408820
20201104015408858
20201104015408903
20201104015408941
20201104015408981
20201104015409019
20201104015409057
20201104015409105
20201104015409142
20201104015409177
20201104015409218
20201104015409254
20201104015409292
20201104015409338
20201104015409378
20201104015409414
20201104015409450
20201104015409488
20201104015409523
20201104015409560
20201104015409608
20201104015409645
20201104015409685
20201104015409723
20201104015409766
20201104015409811
20201104015409860
20201104015409899
20201104015409939
20201104015409981
20201104015410029
20201104015410072
20201104015410112
20201104015410158
20201104015410206
20201104015410248
20201104015410283
20201104015410319
20201104015410352
20201104015410391
20201104015410428
20201104015410467
20201104015410505
20201104015410544
20201104015410579
20201104015410622
20201104015410660
20201104015410705
20201104015410754
20201104015410794
20201104015410837
20201104015410874
20201104015410932
20201104015410973
20201104015411010
20201104015411048
20201104015411083
20201104015411124
20201104015411164
20201104015411207
20201104015411241
20201104015411284
20201104015411329
20201104015411372
20201104015411407
20201104015411444
20201104015411480
20201104015411517
20201104015411557
20201104015411603
20201104015411643
20201104015411679
20201104015411714
20201104015411753
20201104015411788
20201104015411824
20201104015411860
20201104015411909
20201104015411944
20201104015411980
20201104015412019
20201104015412055
20201104015412091
20201104015412137
20201104015412174
20201104015412212
20201104015412256
20201104015412291
20201104015412334
20201104015412373
20201104015412417
20201104015412453
20201104015412494
20201104015412540
20201104015412574
20201104015412613
20201104015412649
20201104015412684
20201104015412727
20201104015412773
20201104015412810
20201104015412849
20201104015412894
20201104015412937
20201104015412974
20201104015413010
20201104015413047
20201104015413085
20201104015413122
20201104015413160
20201104015413196
20201104015413239
20201104015413279
20201104015413327
20201104015413370
20201104015413407
20201104015413444
20201104015413490
20201104015413526
20201104015413564
20201104015413600
20201104015413637
20201104015413673
20201104015413715
20201104015413752
20201104015413790
20201104015413839
20201104015413878
20201104015413915
20201104015413948
20201104015413982
20201104015414016
20201104015414052
20201104015414090
20201104015414124
20201104015414162
20201104015414199
20201104015414235
20201104015414274
20201104015414309
20201104015414348
20201104015414390
20201104015414434
20201104015414474
20201104015414510
20201104015414548
20201104015414585
20201104015414618
20201104015414652
20201104015414687
20201104015414723
20201104015414761
20201104015414798
20201104015414842
20201104015414894
20201104015414939
20201104015414983
20201104015415029
20201104015415070
20201104015415113
20201104015415163
20201104015415209
20201104015415248
20201104015415297
20201104015415338
20201104015415375
20201104015415408
20201104015415444
20201104015415478
20201104015415515
20201104015415571
20201104015415606
20201104015415644
20201104015415682
20201104015415719
20201104015415760
20201104015415800
20201104015415839
20201104015415877
20201104015415912
20201104015415954
20201104015415995
20201104015416033
20201104015416069
20201104015416122
20201104015416172
20201104015416215
20201104015416274
20201104015416309
20201104015416348
20201104015416390
20201104015416431
20201104015416474
20201104015416513
20201104015416549
20201104015416584
20201104015416625
20201104015416668
20201104015416714
20201104015416757
20201104015416803
20201104015416843
20201104015416886
20201104015416923
20201104015416959
20201104015416999
20201104015417041
20201104015417080
20201104015417117
20201104015417164
20201104015417208
20201104015417244
20201104015417278
20201104015417314
20201104015417360
20201104015417400
20201104015417445
20201104015417491
20201104015417531
20201104015417571
20201104015417609
20201104015417644
20201104015417681
20201104015417715
20201104015417751
20201104015417798
20201104015417837
20201104015417890
20201104015417944
20201104015417991
20201104015418042
20201104015418090
20201104015418135
20201104015418174
20201104015418221
20201104015418257
20201104015418299
20201104015418335
20201104015418370
20201104015418404
20201104015418442
20201104015418497
20201104015418552
20201104015418594
20201104015418633
20201104015418672
20201104015418716
20201104015418757
20201104015418814
20201104015418857
20201104015418911
20201104015418946
20201104015418980
20201104015419016
20201104015419052
20201104015419090
20201104015419144
20201104015419178
20201104015419213
20201104015419251
20201104015419289
20201104015419326
20201104015419369
20201104015419405
20201104015419463
20201104015419504
20201104015419547
20201104015419623
20201104015419690
20201104015419751
20201104015419801
20201104015419851
20201104015419907
20201104015419952
20201104015420026
20201104015420123
20201104015420206
20201104015420262
20201104015420303
20201104015420340
20201104015420376
20201104015420439
20201104015420489
20201104015420527
20201104015420588
20201104015420643
20201104015420680
20201104015420746
20201104015420802
20201104015420859
20201104015420917
20201104015420954
20201104015420989
20201104015421029
20201104015421065
20201104015421103
20201104015421163
20201104015421209
20201104015421317
20201104015421376
20201104015421434
20201104015421471
20201104015421509
20201104015421546
20201104015421584
20201104015421630
20201104015421675
20201104015421760
20201104015421801
20201104015421856
20201104015421892
20201104015421942
20201104015422002
20201104015422049
20201104015422090
20201104015422142
20201104015422243
20201104015422309
20201104015422365
20201104015422407
20201104015422445
20201104015422491
20201104015422534
20201104015422570
20201104015422610
20201104015422649
20201104015422701
20201104015422750
20201104015422800
20201104015422851
20201104015422897
20201104015422936
20201104015422976
20201104015423017
20201104015423061
20201104015423102
20201104015423141
20201104015423192
20201104015423241
20201104015423282
20201104015423327
20201104015423372
20201104015423415
20201104015423455
20201104015423491
20201104015423533
20201104015423574
20201104015423609
20201104015423645
20201104015423680
20201104015423720
20201104015423758
20201104015423795
20201104015423838
20201104015423874
20201104015423924
20201104015423961
20201104015424013
20201104015424049
20201104015424087
20201104015424132
20201104015424200
20201104015424252
20201104015424309
20201104015424401
20201104015424471
20201104015424507
20201104015424542
20201104015424582
20201104015424635
20201104015424675
20201104015424742
20201104015424780
20201104015424822
20201104015424875
20201104015424919
20201104015424960
20201104015425007
20201104015425042
20201104015425078
20201104015425118
20201104015425156
20201104015425191
20201104015425236
20201104015425273
20201104015425309
20201104015425351
20201104015425422
20201104015425465
20201104015425507
20201104015425544
20201104015425611
20201104015425667
20201104015425750
20201104015425808
20201104015425906
20201104015426012
20201104015426055
20201104015426099
20201104015426141
20201104015426181
20201104015426241
20201104015426282
20201104015426324
20201104015426360
20201104015426401
20201104015426486
20201104015426545
20201104015426609
20201104015426665
20201104015426710
20201104015426746
20201104015426789
20201104015426825
20201104015426868
20201104015426912
20201104015426964
20201104015427015
20201104015427058
20201104015427096
20201104015427144
20201104015427180
20201104015427232
20201104015427292
20201104015427338
20201104015427384
20201104015427433
20201104015427475
20201104015427513
20201104015427559
20201104015427602
20201104015427651
20201104015427706
20201104015427755
20201104015427809
20201104015427856
20201104015427897
20201104015427945
20201104015428049
20201104015428095
20201104015428143
20201104015428184
20201104015428230
20201104015428276
20201104015428416
20201104015428453
20201104015428673
20201104015428738
20201104015428792
20201104015428836
20201104015428889
20201104015428928
20201104015428982
20201104015429032
20201104015429091
20201104015429133
20201104015429168
20201104015429209
20201104015429252
20201104015429296
20201104015429338
20201104015429374
20201104015429415
20201104015429465
20201104015429501
20201104015429549
20201104015429587
20201104015429627
20201104015429672
20201104015429710
20201104015429758
20201104015429795
20201104015429842
20201104015429886
20201104015429930
20201104015429978
20201104015430019
20201104015430058
20201104015430100
20201104015430140
20201104015430177
20201104015430221
20201104015430303
20201104015430347
20201104015430402
20201104015430485
20201104015430535
20201104015430601
20201104015430662
20201104015430708
20201104015430750
20201104015430797
20201104015430841
20201104015430877
20201104015430918
20201104015430958
20201104015431005
20201104015431047
20201104015431091
20201104015431135
20201104015431181
20201104015431226
20201104015431268
20201104015431305
20201104015431343
20201104015431400
20201104015431441
20201104015431479
20201104015431521
20201104015431566
20201104015431600
20201104015431634
20201104015431681
20201104015431732
20201104015431773
20201104015431809
20201104015431846
20201104015431884
20201104015431933
20201104015431974
20201104015432012
20201104015432049
20201104015432090
20201104015432127
20201104015432173
20201104015432220
20201104015432266
20201104015432319
20201104015432375
20201104015432428
20201104015432464
20201104015432499
20201104015432534
20201104015432570
20201104015432608
20201104015432644
20201104015432682
20201104015432721
20201104015432762
20201104015432802
20201104015432842
20201104015432882
20201104015432919
20201104015432967
20201104015433006
20201104015433057
20201104015433101
20201104015433138
20201104015433173
20201104015433215
20201104015433251
20201104015433297
20201104015433337
20201104015433371
20201104015433407
20201104015433447
20201104015433493
20201104015433531
20201104015433577
20201104015433611
20201104015433648
20201104015433685
20201104015433726
20201104015433764
20201104015433802
20201104015433841
20201104015433879
20201104015433918
20201104015433961
20201104015433995
20201104015434038
20201104015434075
20201104015434111
20201104015434155
20201104015434194
20201104015434230
20201104015434278
20201104015434319
20201104015434357
20201104015434395
20201104015434439
20201104015434477
20201104015434519
20201104015434560
20201104015434600
20201104015434646
20201104015434692
20201104015434743
20201104015434795
20201104015434832
20201104015434873
20201104015434913
20201104015434967
20201104015435004
20201104015435041
20201104015435078
20201104015435118
20201104015435157
20201104015435218
20201104015435257
20201104015435295
20201104015435351
20201104015435412
20201104015435475
20201104015435534
20201104015435576
20201104015435617
20201104015435665
20201104015435703
20201104015435740
20201104015435804
20201104015435851
20201104015435891
20201104015435940
20201104015435979
20201104015436035
20201104015436071
20201104015436107
20201104015436149
20201104015436192
20201104015436230
20201104015436275
20201104015436324
20201104015436359
20201104015436392
20201104015436426
20201104015436464
20201104015436500
20201104015436541
20201104015436594
20201104015436633
20201104015436667
20201104015436722
20201104015436760
20201104015436808
20201104015436844
20201104015436902
20201104015437071
20201104015437139
20201104015437210
20201104015437267
20201104015437335
20201104015437377
20201104015437416
20201104015437488
20201104015437536
20201104015437597
20201104015437634
20201104015437676
20201104015437770
20201104015437841
20201104015437905
20201104015437962
20201104015438063
20201104015438115
20201104015438225
20201104015438270
20201104015438312
20201104015438383
20201104015438448
20201104015438516
20201104015438561
20201104015438604
20201104015438666
20201104015438701
20201104015438745
20201104015438805
20201104015438851
20201104015438910
20201104015438967
20201104015439016
20201104015439061
20201104015439098
20201104015439134
20201104015439172
20201104015439217
20201104015439262
20201104015439304
20201104015439340
20201104015439380
20201104015439421
20201104015439460
20201104015439508
20201104015439557
20201104015439610
20201104015439647
20201104015439685
20201104015439734
20201104015439804
20201104015439859
20201104015439894
20201104015439937
20201104015439976
20201104015440013
20201104015440054
20201104015440096
20201104015440134
20201104015440173
20201104015440211
20201104015440261
20201104015440305
20201104015440342
20201104015440379
20201104015440417
20201104015440461
20201104015440500
20201104015440537
20201104015440593
20201104015440637
20201104015440692
20201104015440730
20201104015440773
20201104015440812
20201104015440860
20201104015440900
20201104015440934
20201104015440972
20201104015441006
20201104015441040
20201104015441074
20201104015441112
20201104015441172
20201104015441212
20201104015441274
20201104015441319
20201104015441372
20201104015441410
20201104015441452
20201104015441494
20201104015441528
20201104015441562
20201104015441607
20201104015441643
20201104015441683
20201104015441725
20201104015441763
20201104015441799
20201104015441835
20201104015441876
20201104015441925
20201104015441968
20201104015442009
20201104015442049
20201104015442108
20201104015442153
20201104015442206
20201104015442250
20201104015442296
20201104015442330
20201104015442367
20201104015442409
20201104015442466
20201104015442503
20201104015442537
20201104015442571
20201104015442610
20201104015442651
20201104015442709
20201104015442759
20201104015442802
20201104015442841
20201104015442878
20201104015442917
20201104015442965
20201104015443006
20201104015443050
20201104015443093
20201104015443128
20201104015443167
20201104015443210
20201104015443253
20201104015443294
20201104015443333
20201104015443380
20201104015443441
20201104015443488
20201104015443526
20201104015443568
20201104015443604
20201104015443661
20201104015443700
20201104015443736
20201104015443774
20201104015443818
20201104015443860
20201104015443900
20201104015443934
20201104015443989
20201104015444026
20201104015444062
20201104015444099
20201104015444141
20201104015444185
20201104015444234
20201104015444270
20201104015444307
20201104015444347
20201104015444392
20201104015444434
20201104015444468
20201104015444502
20201104015444541
20201104015444577
20201104015444615
20201104015444658
20201104015444696
20201104015444733
20201104015444776
20201104015444814
20201104015444870
20201104015444907
20201104015444944
20201104015444981
20201104015445024
20201104015445070
20201104015445106
20201104015445150
20201104015445190
20201104015445228
20201104015445264
20201104015445302
20201104015445341
20201104015445375
20201104015445411
20201104015445446
20201104015445484
20201104015445523
20201104015445559
20201104015445594
20201104015445635
20201104015445672
20201104015445724
20201104015445763
20201104015445800
20201104015445839
20201104015445878
20201104015445962
20201104015446002
20201104015446040
20201104015446079
20201104015446121
20201104015446164
20201104015446200
20201104015446237
20201104015446275
20201104015446321
20201104015446356
20201104015446393
20201104015446427
20201104015446467
20201104015446509
20201104015446566
20201104015446607
20201104015446654
20201104015446695
20201104015446744
20201104015446789
20201104015446831
20201104015446872
20201104015446906
20201104015446941
20201104015446977
20201104015447011
20201104015447074
20201104015447112
20201104015447162
20201104015447205
20201104015447243
20201104015447294
20201104015447331
20201104015447367
20201104015447404
20201104015447442
20201104015447477
20201104015447516
20201104015447555
20201104015447593
20201104015447631
20201104015447673
20201104015447709
20201104015447756
20201104015447813
20201104015447856
20201104015447893
20201104015447931
20201104015447969
20201104015448028
20201104015448076
20201104015448134
20201104015448192
20201104015448245
20201104015448292
20201104015448340
20201104015448399
20201104015448442
20201104015448504
20201104015448564
20201104015448602
20201104015448659
20201104015448709
20201104015448748
20201104015448810
20201104015448857
20201104015448904
20201104015448952
20201104015448991
20201104015449050
20201104015449094
20201104015449132
20201104015449167
20201104015449212
20201104015449256
20201104015449293
20201104015449348
20201104015449400
20201104015449469
20201104015449524
20201104015449566
20201104015449601
20201104015449649
20201104015449696
20201104015449737
20201104015449775
20201104015449813
20201104015449859
20201104015449909
20201104015449972
20201104015450025
20201104015450075
20201104015450119
20201104015450170
20201104015450232
20201104015450274
20201104015450330
20201104015450403
20201104015450450
20201104015450493
20201104015450532
20201104015450576
20201104015450616
20201104015450657
20201104015450692
20201104015450730
20201104015450765
20201104015450803
20201104015450852
20201104015450912
20201104015450964
20201104015451000
20201104015451035
20201104015451090
20201104015451126
20201104015451165
20201104015451210
20201104015451261
20201104015451317
20201104015451362
20201104015451412
20201104015451471
20201104015451522
20201104015451568
20201104015451624
20201104015451660
20201104015451697
20201104015451771
20201104015451823
20201104015451875
20201104015451923
20201104015451976
20201104015452035
20201104015452073
20201104015452135
20201104015452181
20201104015452223
20201104015452266
20201104015452323
20201104015452363
20201104015452433
20201104015452474
20201104015452537
20201104015452590
20201104015452637
20201104015452687
20201104015452728
20201104015452774
20201104015452828
20201104015452864
20201104015452900
20201104015452935
20201104015452971
20201104015453007
20201104015453049
20201104015453085
20201104015453122
20201104015453161
20201104015453196
20201104015453232
20201104015453290
20201104015453364
20201104015453402
20201104015453445
20201104015453510
20201104015453554
20201104015453611
20201104015453650
20201104015453694
20201104015453733
20201104015453769
20201104015453818
20201104015453859
20201104015453907
20201104015453949
20201104015453989
20201104015454029
20201104015454074
20201104015454111
20201104015454152
20201104015454192
20201104015454228
20201104015454265
20201104015454306
20201104015454352
20201104015454389
20201104015454442
20201104015454477
20201104015454521
20201104015454557
20201104015454594
20201104015454629
20201104015454664
20201104015454700
20201104015454737
20201104015454772
20201104015454830
20201104015454867
20201104015454913
20201104015454964
20201104015455007
20201104015455043
20201104015455085
20201104015455124
20201104015455161
20201104015455198
20201104015455239
20201104015455276
20201104015455315
20201104015455359
20201104015455396
20201104015455435
20201104015455491
20201104015455534
20201104015455585
20201104015455632
20201104015455674
20201104015455721
20201104015455760
20201104015455797
20201104015455831
20201104015455877
20201104015455930
20201104015455967
20201104015456004
20201104015456060
20201104015456096
20201104015456136
20201104015456175
20201104015456223
20201104015456278
20201104015456317
20201104015456354
20201104015456400
20201104015456444
20201104015456482
20201104015456521
20201104015456559
20201104015456596
20201104015456630
20201104015456665
20201104015456702
20201104015456745
20201104015456789
20201104015456853
20201104015456895
20201104015456935
20201104015456972
20201104015457013
20201104015457067
20201104015457113
20201104015457153
20201104015457191
20201104015457231
20201104015457274
20201104015457323
20201104015457364
20201104015457409
20201104015457454
20201104015457493
20201104015457526
20201104015457564
20201104015457609
20201104015457647
20201104015457689
20201104015457725
20201104015457765
20201104015457803
20201104015457867
20201104015457901
20201104015457947
20201104015457986
20201104015458029
20201104015458064
20201104015458098
20201104015458140
20201104015458184
20201104015458221
20201104015458257
20201104015458292
20201104015458327
20201104015458392
20201104015458430
20201104015458468
20201104015458507
20201104015458549
20201104015458589
20201104015458634
20201104015458680
20201104015458717
20201104015458762
20201104015458798
20201104015458834
20201104015458873
20201104015458911
20201104015458948
20201104015458986
20201104015459031
20201104015459068
20201104015459123
20201104015459163
20201104015459207
20201104015459273
20201104015459313
20201104015459352
20201104015459395
20201104015459431
20201104015459467
20201104015459508
20201104015459554
20201104015459598
20201104015459636
20201104015459673
20201104015459717
20201104015459761
20201104015459802
20201104015459844
20201104015459900
20201104015459939
20201104015459986
20201104015500022
20201104015500064
20201104015500109
20201104015500147
20201104015500188
20201104015500226
20201104015500264
20201104015500300
20201104015500340
20201104015500384
20201104015500423
20201104015500468
20201104015500510
20201104015500547
20201104015500586
20201104015500623
20201104015500669
20201104015500706
20201104015500741
20201104015500780
20201104015500815
20201104015500852
20201104015500894
20201104015500930
20201104015500983
20201104015501020
20201104015501062
20201104015501106
20201104015501148
20201104015501190
20201104015501228
20201104015501279
20201104015501319
20201104015501354
20201104015501392
20201104015501431
20201104015501470
20201104015501517
20201104015501556
20201104015501594
20201104015501635
20201104015501680
20201104015501718
20201104015501765
20201104015501807
20201104015501849
20201104015501885
20201104015501920
20201104015501957
20201104015501991
20201104015502034
20201104015502073
20201104015502117
20201104015502156
20201104015502193
20201104015502229
20201104015502276
20201104015502316
20201104015502356
20201104015502392
20201104015502429
20201104015502465
20201104015502509
20201104015502554
20201104015502592
20201104015502629
20201104015502666
20201104015502705
20201104015502759
20201104015502798
20201104015502834
20201104015502868
20201104015502926
20201104015502966
20201104015503003
20201104015503046
20201104015503089
20201104015503127
20201104015503166
20201104015503216
20201104015503257
20201104015503317
20201104015503362
20201104015503399
20201104015503435
20201104015503477
20201104015503520
20201104015503558
20201104015503600
20201104015503645
20201104015503692
20201104015503731
20201104015503780
20201104015503818
20201104015503854
20201104015503890
20201104015503931
20201104015503965
20201104015503998
20201104015504033
20201104015504074
20201104015504110
20201104015504149
20201104015504192
20201104015504228
20201104015504274
20201104015504312
20201104015504368
20201104015504404
20201104015504441
20201104015504486
20201104015504520
20201104015504559
20201104015504596
20201104015504633
20201104015504672
20201104015504715
20201104015504753
20201104015504795
20201104015504834
20201104015504875
20201104015504919
20201104015504953
20201104015504987
20201104015505024
20201104015505060
20201104015505095
20201104015505141
20201104015505183
20201104015505220
20201104015505257
20201104015505291
20201104015505325
20201104015505360
20201104015505399
20201104015505439
20201104015505489
20201104015505533
20201104015505576
20201104015505637
20201104015505679
20201104015505715
20201104015505754
20201104015505797
20201104015505836
20201104015505872
20201104015505910
20201104015505947
20201104015505984
20201104015506032
20201104015506067
20201104015506110
20201104015506156
20201104015506194
20201104015506232
20201104015506291
20201104015506327
20201104015506362
20201104015506402
20201104015506463
20201104015506506
20201104015506549
20201104015506593
20201104015506628
20201104015506675
20201104015506712
20201104015506748
20201104015506788
20201104015506822
20201104015506861
20201104015506895
20201104015506950
20201104015506993
20201104015507027
20201104015507069
20201104015507105
20201104015507145
20201104015507181
20201104015507215
20201104015507267
20201104015507315
20201104015507354
20201104015507408
20201104015507448
20201104015507498
20201104015507547
20201104015507581
20201104015507625
20201104015507660
20201104015507694
20201104015507732
20201104015507767
20201104015507809
20201104015507854
20201104015507894
20201104015507930
20201104015507975
20201104015508015
20201104015508053
20201104015508087
20201104015508127
20201104015508164
20201104015508209
20201104015508251
20201104015508285
20201104015508326
20201104015508361
20201104015508395
20201104015508441
20201104015508477
20201104015508520
20201104015508559
20201104015508598
20201104015508633
20201104015508688
20201104015508728
20201104015508765
20201104015508815
20201104015508855
20201104015508891
20201104015508928
20201104015508964
20201104015508999
20201104015509040
20201104015509079
20201104015509116
20201104015509152
20201104015509190
20201104015509227
20201104015509266
20201104015509303
20201104015509343
20201104015509380
20201104015509417
20201104015509457
20201104015509494
20201104015509530
20201104015509574
20201104015509628
20201104015509667
20201104015509717
20201104015509764
20201104015509799
20201104015509870
20201104015509913
20201104015509949
20201104015509988
20201104015510027
20201104015510063
20201104015510117
20201104015510153
20201104015510197
20201104015510244
20201104015510293
20201104015510332
20201104015510378
20201104015510428
20201104015510468
20201104015510524
20201104015510570
20201104015510630
20201104015510672
20201104015510718
20201104015510754
20201104015510807
20201104015510848
20201104015510891
20201104015510929
20201104015510969
20201104015511007
20201104015511045
20201104015511081
20201104015511121
20201104015511166
20201104015511207
20201104015511250
20201104015511291
20201104015511327
20201104015511362
20201104015511400
20201104015511458
20201104015511494
20201104015511533
20201104015511567
20201104015511602
20201104015511658
20201104015511697
20201104015511734
20201104015511768
20201104015511803
20201104015511846
20201104015511886
20201104015511921
20201104015511957
20201104015511991
20201104015512026
20201104015512060
20201104015512103
20201104015512167
20201104015512208
20201104015512249
20201104015512283
20201104015512318
20201104015512352
20201104015512386
20201104015512434
20201104015512477
20201104015512517
20201104015512559
20201104015512596
20201104015512643
20201104015512689
20201104015512728
20201104015512774
20201104015512817
20201104015512858
20201104015512895
20201104015512938
20201104015512976
20201104015513011
20201104015513050
20201104015513089
20201104015513132
20201104015513175
20201104015513213
20201104015513261
20201104015513294
20201104015513331
20201104015513388
20201104015513429
20201104015513474
20201104015513526
20201104015513567
20201104015513609
20201104015513655
20201104015513690
20201104015513735
20201104015513778
20201104015513811
20201104015513856
20201104015513893
20201104015513932
20201104015513974
20201104015514012
20201104015514048
20201104015514084
20201104015514124
20201104015514160
20201104015514207
20201104015514246
20201104015514286
20201104015514326
20201104015514365
20201104015514418
20201104015514454
20201104015514493
20201104015514530
20201104015514572
20201104015514619
20201104015514660
20201104015514697
20201104015514733
20201104015514770
20201104015514807
20201104015514845
20201104015514886
20201104015514929
20201104015514973
20201104015515010
20201104015515047
20201104015515084
20201104015515121
20201104015515160
20201104015515210
20201104015515257
20201104015515292
20201104015515327
20201104015515377
20201104015515414
20201104015515452
20201104015515492
20201104015515527
20201104015515567
20201104015515605
20201104015515649
20201104015515693
20201104015515732
20201104015515776
20201104015515816
20201104015515862
20201104015515900
20201104015515941
20201104015515982
20201104015516018
20201104015516057
20201104015516097
20201104015516132
20201104015516166
20201104015516209
20201104015516247
20201104015516285
20201104015516330
20201104015516366
20201104015516412
20201104015516450
20201104015516484
20201104015516528
20201104015516562
20201104015516612
20201104015516648
20201104015516681
20201104015516719
20201104015516765
20201104015516803
20201104015516847
20201104015516885
20201104015516924
20201104015516960
20201104015516995
20201104015517054
20201104015517094
20201104015517136
20201104015517185
20201104015517220
20201104015517273
20201104015517311
20201104015517357
20201104015517393
20201104015517435
20201104015517476
20201104015517518
20201104015517560
20201104015517601
20201104015517660
20201104015517707
20201104015517744
20201104015517780
20201104015517815
20201104015517849
20201104015517884
20201104015517917
20201104015517951
20201104015517985
20201104015518026
20201104015518073
20201104015518112
20201104015518163
20201104015518201
20201104015518251
20201104015518296
20201104015518332
20201104015518372
20201104015518417
20201104015518460
20201104015518498
20201104015518540
20201104015518576
20201104015518616
20201104015518661
20201104015518704
20201104015518742
20201104015518782
20201104015518818
20201104015518853
20201104015518889
20201104015518926
20201104015518984
20201104015519026
20201104015519079
20201104015519114
20201104015519151
20201104015519188
20201104015519227
20201104015519260
20201104015519302
20201104015519346
20201104015519380
20201104015519435
20201104015519479
20201104015519516
20201104015519569
20201104015519611
20201104015519648
20201104015519681
20201104015519716
20201104015519759
20201104015519807
20201104015519843
20201104015519881
20201104015519916
20201104015519956
20201104015520005
20201104015520045
20201104015520087
20201104015520121
20201104015520157
20201104015520198
20201104015520245
20201104015520282
20201104015520322
20201104015520357
20201104015520391
20201104015520429
20201104015520476
20201104015520511
20201104015520549
20201104015520585
20201104015520625
20201104015520661
20201104015520702
20201104015520741
20201104015520795
20201104015520842
20201104015520879
20201104015520927
20201104015520963
20201104015521000
20201104015521037
20201104015521075
20201104015521110
20201104015521157
20201104015521191
20201104015521234
20201104015521279
20201104015521316
20201104015521361
20201104015521408
20201104015521448
20201104015521500
20201104015521548
20201104015521583
20201104015521618
20201104015521654
20201104015521690
20201104015521727