20201028002626455
20201028002626644
20201028002626684
20201028002626744
20201028002626784
20201028002626829
20201028002626877
20201028002626929
20201028002626975
20201028002627028
20201028002627076
20201028002627119
20201028002627160
20201028002627202
20201028002627244
20201028002627285
20201028002627326
20201028002627372
20201028002627414
20201028002627455
20201028002627496
20201028002627536
20201028002627579
20201028002627619
20201028002627663
20201028002627703
20201028002627746
20201028002627785
20201028002627826
20201028002627866
20201028002627911
20201028002627951
20201028002627992
20201028002628033
20201028002628077
20201028002628121
20201028002628162
20201028002628203
20201028002628244
20201028002628284
20201028002628326
20201028002628367
20201028002628411
20201028002628453
20201028002628495
20201028002628535
20201028002628578
20201028002628619
20201028002628661
20201028002628701
20201028002628742
20201028002628783
20201028002628823
20201028002628865
20201028002628906
20201028002628948
20201028002628989
20201028002629031
20201028002629078
20201028002629118
20201028002629160
20201028002629202
20201028002629244
20201028002629287
20201028002629332
20201028002629380
20201028002629426
20201028002629469
20201028002629512
20201028002629552
20201028002629592
20201028002629632
20201028002629673
20201028002629717
20201028002629758
20201028002629800
20201028002629844
20201028002629884
20201028002629925
20201028002629965
20201028002630006
20201028002630049
20201028002630090
20201028002630132
20201028002630177
20201028002630217
20201028002630257
20201028002630298
20201028002630340
20201028002630381
20201028002630421
20201028002630462
20201028002630502
20201028002630547
20201028002630586
20201028002630631
20201028002630675
20201028002630720
20201028002630761
20201028002630803
20201028002630844
20201028002630884
20201028002630925
20201028002630965
20201028002631005
20201028002631055
20201028002631098
20201028002631145
20201028002631190
20201028002631232
20201028002631276
20201028002631316
20201028002631357
20201028002631398
20201028002631441
20201028002631481
20201028002631521
20201028002631563
20201028002631604
20201028002631646
20201028002631688
20201028002631729
20201028002631777
20201028002631817
20201028002631859
20201028002631909
20201028002631949
20201028002631999
20201028002632047
20201028002632088
20201028002632129
20201028002632169
20201028002632209
20201028002632253
20201028002632294
20201028002632334
20201028002632377
20201028002632416
20201028002632458
20201028002632498
20201028002632545
20201028002632588
20201028002632630
20201028002632677
20201028002632719
20201028002632761
20201028002632802
20201028002632844
20201028002632886
20201028002632930
20201028002632970
20201028002633013
20201028002633053
20201028002633095
20201028002633137
20201028002633190
20201028002633231
20201028002633279
20201028002633319
20201028002633360
20201028002633410
20201028002633450
20201028002633491
20201028002633538
20201028002633584
20201028002633630
20201028002633672
20201028002633713
20201028002633752
20201028002633792
20201028002633833
20201028002633875
20201028002633915
20201028002633955
20201028002633997
20201028002634040
20201028002634080
20201028002634120
20201028002634161
20201028002634202
20201028002634248
20201028002634288
20201028002634329
20201028002634376
20201028002634417
20201028002634458
20201028002634499
20201028002634549
20201028002634592
20201028002634636
20201028002634680
20201028002634728
20201028002634775
20201028002634817
20201028002634858
20201028002634901
20201028002634943
20201028002634984
20201028002635027
20201028002635071
20201028002635116
20201028002635156
20201028002635198
20201028002635240
20201028002635282
20201028002635325
20201028002635366
20201028002635410
20201028002635452
20201028002635493
20201028002635536
20201028002635578
20201028002635618
20201028002635662
20201028002635703
20201028002635745
20201028002635786
20201028002635828
20201028002635870
20201028002635913
20201028002635954
20201028002635994
20201028002636035
20201028002636075
20201028002636117
20201028002636157
20201028002636199
20201028002636247
20201028002636290
20201028002636335
20201028002636378
20201028002636417
20201028002636459
20201028002636504
20201028002636549
20201028002636591
20201028002636634
20201028002636678
20201028002636718
20201028002636760
20201028002636801
20201028002636843
20201028002636887
20201028002636929
20201028002636975
20201028002637016
20201028002637057
20201028002637098
20201028002637140
20201028002637182
20201028002637222
20201028002637264
20201028002637305
20201028002637347
20201028002637388
20201028002637431
20201028002637476
20201028002637517
20201028002637557
20201028002637600
20201028002637642
20201028002637683
20201028002637723
20201028002637763
20201028002637804
20201028002637847
20201028002637888
20201028002637940
20201028002637984
20201028002638029
20201028002638069
20201028002638115
20201028002638159
20201028002638202
20201028002638243
20201028002638284
20201028002638325
20201028002638368
20201028002638412
20201028002638453
20201028002638495
20201028002638536
20201028002638579
20201028002638619
20201028002638659
20201028002638701
20201028002638742
20201028002638783
20201028002638823
20201028002638864
20201028002638905
20201028002638947
20201028002638989
20201028002639030
20201028002639070
20201028002639111
20201028002639152
20201028002639194
20201028002639233
20201028002639274
20201028002639315
20201028002639355
20201028002639396
20201028002639441
20201028002639484
20201028002639527
20201028002639570
20201028002639611
20201028002639650
20201028002639692
20201028002639733
20201028002639777
20201028002639817
20201028002639857
20201028002639903
20201028002639946
20201028002639987
20201028002640034
20201028002640075
20201028002640117
20201028002640158
20201028002640200
20201028002640243
20201028002640285
20201028002640330
20201028002640376
20201028002640419
20201028002640461
20201028002640501
20201028002640544
20201028002640585
20201028002640626
20201028002640666
20201028002640709
20201028002640752
20201028002640795
20201028002640834
20201028002640876
20201028002640916
20201028002640958
20201028002641006
20201028002641049
20201028002641088
20201028002641133
20201028002641174
20201028002641219
20201028002641265
20201028002641306
20201028002641347
20201028002641389
20201028002641433
20201028002641478
20201028002641518
20201028002641561
20201028002641607
20201028002641649
20201028002641691
20201028002641733
20201028002641778
20201028002641818
20201028002641858
20201028002641900
20201028002641948
20201028002641991
20201028002642032
20201028002642078
20201028002642117
20201028002642160
20201028002642201
20201028002642243
20201028002642284
20201028002642327
20201028002642370
20201028002642415
20201028002642457
20201028002642498
20201028002642539
20201028002642580
20201028002642620
20201028002642660
20201028002642703
20201028002642745
20201028002642791
20201028002642835
20201028002642877
20201028002642916
20201028002642956
20201028002643000
20201028002643043
20201028002643084
20201028002643124
20201028002643165
20201028002643206
20201028002643247
20201028002643288
20201028002643330
20201028002643371
20201028002643412
20201028002643453
20201028002643496
20201028002643537
20201028002643578
20201028002643619
20201028002643661
20201028002643703
20201028002643745
20201028002643785
20201028002643828
20201028002643869
20201028002643910
20201028002643950
20201028002643993
20201028002644034
20201028002644077
20201028002644117
20201028002644159
20201028002644204
20201028002644244
20201028002644284
20201028002644326
20201028002644367
20201028002644407
20201028002644450
20201028002644491
20201028002644533
20201028002644579
20201028002644631
20201028002644687
20201028002644732
20201028002644780
20201028002644826
20201028002644878
20201028002644926
20201028002644975
20201028002645018
20201028002645069
20201028002645118
20201028002645168
20201028002645235
20201028002645293
20201028002645351
20201028002645409
20201028002645458
20201028002645502
20201028002645548
20201028002645591
20201028002645636
20201028002645681
20201028002645723
20201028002645768
20201028002645812
20201028002645852
20201028002645896
20201028002645939
20201028002645982
20201028002646027
20201028002646069
20201028002646109
20201028002646149
20201028002646188
20201028002646230
20201028002646272
20201028002646312
20201028002646353
20201028002646394
20201028002646435
20201028002646480
20201028002646520
20201028002646562
20201028002646603
20201028002646646
20201028002646686
20201028002646730
20201028002646776
20201028002646816
20201028002646856
20201028002646900
20201028002646940
20201028002646982
20201028002647024
20201028002647065
20201028002647107
20201028002647148
20201028002647187
20201028002647230
20201028002647271
20201028002647313
20201028002647354
20201028002647397
20201028002647441
20201028002647483
20201028002647527
20201028002647569
20201028002647610
20201028002647651
20201028002647693
20201028002647736
20201028002647778
20201028002647818
20201028002647861
20201028002647903
20201028002647948
20201028002647988
20201028002648032
20201028002648078
20201028002648119
20201028002648165
20201028002648207
20201028002648256
20201028002648310
20201028002648364
20201028002648460
20201028002648522
20201028002648579
20201028002648628
20201028002648687
20201028002648749
20201028002648795
20201028002648842
20201028002648890
20201028002648936
20201028002648980
20201028002649023
20201028002649072
20201028002649124
20201028002649171
20201028002649219
20201028002649264
20201028002649320
20201028002649365
20201028002649408
20201028002649451
20201028002649498
20201028002649550
20201028002649600
20201028002649649
20201028002649693
20201028002649743
20201028002649784
20201028002649824
20201028002649868
20201028002649909
20201028002649954
20201028002649997
20201028002650040
20201028002650081
20201028002650122
20201028002650165
20201028002650210
20201028002650251
20201028002650291
20201028002650334
20201028002650374
20201028002650414
20201028002650454
20201028002650496
20201028002650535
20201028002650577
20201028002650616
20201028002650657
20201028002650700
20201028002650741
20201028002650782
20201028002650824
20201028002650866
20201028002650908
20201028002650949
20201028002650989
20201028002651035
20201028002651075
20201028002651117
20201028002651160
20201028002651201
20201028002651242
20201028002651283
20201028002651324
20201028002651366
20201028002651409
20201028002651449
20201028002651493
20201028002651537
20201028002651579
20201028002651619
20201028002651665
20201028002651705
20201028002651747
20201028002651789
20201028002651839
20201028002651879
20201028002651921
20201028002651964
20201028002652004
20201028002652045
20201028002652085
20201028002652124
20201028002652166
20201028002652207
20201028002652248
20201028002652291
20201028002652333
20201028002652377
20201028002652417
20201028002652458
20201028002652501
20201028002652541
20201028002652582
20201028002652622
20201028002652665
20201028002652705
20201028002652749
20201028002652791
20201028002652837
20201028002652878
20201028002652918
20201028002652961
20201028002653002
20201028002653044
20201028002653084
20201028002653127
20201028002653167
20201028002653207
20201028002653248
20201028002653289
20201028002653332
20201028002653373
20201028002653414
20201028002653456
20201028002653498
20201028002653539
20201028002653579
20201028002653619
20201028002653664
20201028002653704
20201028002653745
20201028002653785
20201028002653828
20201028002653869
20201028002653910
20201028002653951
20201028002653992
20201028002654034
20201028002654075
20201028002654116
20201028002654159
20201028002654199
20201028002654243
20201028002654284
20201028002654326
20201028002654368
20201028002654410
20201028002654450
20201028002654496
20201028002654536
20201028002654578
20201028002654618
20201028002654661
20201028002654705
20201028002654745
20201028002654785
20201028002654831
20201028002654871
20201028002654912
20201028002654952
20201028002654996
20201028002655042
20201028002655082
20201028002655124
20201028002655167
20201028002655208
20201028002655248
20201028002655288
20201028002655331
20201028002655371
20201028002655411
20201028002655451
20201028002655494
20201028002655538
20201028002655579
20201028002655619
20201028002655659
20201028002655701
20201028002655743
20201028002655784
20201028002655828
20201028002655868
20201028002655911
20201028002655952
20201028002655999
20201028002656041
20201028002656083
20201028002656125
20201028002656166
20201028002656206
20201028002656248
20201028002656289
20201028002656333
20201028002656374
20201028002656414
20201028002656454
20201028002656500
20201028002656540
20201028002656581
20201028002656620
20201028002656663
20201028002656704
20201028002656745
20201028002656784
20201028002656826
20201028002656870
20201028002656911
20201028002656951
20201028002656992
20201028002657034
20201028002657074
20201028002657118
20201028002657159
20201028002657204
20201028002657246
20201028002657285
20201028002657327
20201028002657367
20201028002657408
20201028002657448
20201028002657490
20201028002657532
20201028002657573
20201028002657613
20201028002657653
20201028002657696
20201028002657737
20201028002657777
20201028002657817
20201028002657857
20201028002657899
20201028002657943
20201028002657983
20201028002658024
20201028002658066
20201028002658108
20201028002658149
20201028002658194
20201028002658235
20201028002658276
20201028002658316
20201028002658356
20201028002658399
20201028002658439
20201028002658480
20201028002658521
20201028002658563
20201028002658605
20201028002658646
20201028002658686
20201028002658729
20201028002658769
20201028002658810
20201028002658850
20201028002658891
20201028002658934
20201028002658986
20201028002659029
20201028002659068
20201028002659110
20201028002659149
20201028002659193
20201028002659233
20201028002659274
20201028002659314
20201028002659354
20201028002659396
20201028002659436
20201028002659477
20201028002659517
20201028002659559
20201028002659602
20201028002659642
20201028002659685
20201028002659726
20201028002659766
20201028002659807
20201028002659852
20201028002659892
20201028002659938
20201028002659978
20201028002700017
20201028002700060
20201028002700100
20201028002700142
20201028002700182
20201028002700222
20201028002700265
20201028002700306
20201028002700346
20201028002700386
20201028002700432
20201028002700473
20201028002700514
20201028002700558
20201028002700599
20201028002700640
20201028002700680
20201028002700721
20201028002700766
20201028002700806
20201028002700847
20201028002700889
20201028002700931
20201028002700974
20201028002701016
20201028002701059
20201028002701099
20201028002701140
20201028002701181
20201028002701222
20201028002701264
20201028002701305
20201028002701345
20201028002701385
20201028002701428
20201028002701467
20201028002701509
20201028002701550
20201028002701593
20201028002701634
20201028002701675
20201028002701715
20201028002701761
20201028002701802
20201028002701843
20201028002701882
20201028002701922
20201028002701969
20201028002702009
20201028002702050
20201028002702091
20201028002702134
20201028002702175
20201028002702216
20201028002702256
20201028002702299
20201028002702341
20201028002702383
20201028002702428
20201028002702473
20201028002702517
20201028002702561
20201028002702605
20201028002702648
20201028002702698
20201028002702740
20201028002702782
20201028002702823
20201028002702864
20201028002702904
20201028002702945
20201028002702985
20201028002703045
20201028002703085
20201028002703130
20201028002703170
20201028002703211
20201028002703252
20201028002703298
20201028002703340
20201028002703381
20201028002703423
20201028002703465
20201028002703504
20201028002703546
20201028002703585
20201028002703627
20201028002703667
20201028002703707
20201028002703748
20201028002703788
20201028002703830
20201028002703871
20201028002703911
20201028002703952
20201028002703994
20201028002704035
20201028002704076
20201028002704116
20201028002704157
20201028002704200
20201028002704240
20201028002704281
20201028002704321
20201028002704363
20201028002704403
20201028002704444
20201028002704486
20201028002704529
20201028002704570
20201028002704611
20201028002704652
20201028002704695
20201028002704737
20201028002704778
20201028002704820
20201028002704861
20201028002704901
20201028002704941
20201028002704981
20201028002705024
20201028002705065
20201028002705104
20201028002705145
20201028002705186
20201028002705233
20201028002705274
20201028002705315
20201028002705357
20201028002705399
20201028002705440
20201028002705481
20201028002705523
20201028002705565
20201028002705605
20201028002705646
20201028002705686
20201028002705729
20201028002705769
20201028002705811
20201028002705851
20201028002705893
20201028002705933
20201028002705973
20201028002706014
20201028002706054
20201028002706097
20201028002706137
20201028002706178
20201028002706218
20201028002706261
20201028002706301
20201028002706343
20201028002706383
20201028002706424
20201028002706466
20201028002706506
20201028002706547
20201028002706587
20201028002706630
20201028002706670
20201028002706712
20201028002706753
20201028002706794
20201028002706835
20201028002706877
20201028002706919
20201028002706962
20201028002707002
20201028002707045
20201028002707087
20201028002707131
20201028002707172
20201028002707212
20201028002707253
20201028002707296
20201028002707337
20201028002707377
20201028002707419
20201028002707461
20201028002707501
20201028002707541
20201028002707582
20201028002707623
20201028002707665
20201028002707705
20201028002707746
20201028002707786
20201028002707829
20201028002707870
20201028002707910
20201028002707951
20201028002707995
20201028002708042
20201028002708083
20201028002708128
20201028002708168
20201028002708208
20201028002708249
20201028002708293
20201028002708333
20201028002708373
20201028002708414
20201028002708453
20201028002708495
20201028002708536
20201028002708577
20201028002708617
20201028002708660
20201028002708700
20201028002708741
20201028002708781
20201028002708824
20201028002708866
20201028002708906
20201028002708946
20201028002708987
20201028002709029
20201028002709069
20201028002709110
20201028002709149
20201028002709190
20201028002709234
20201028002709275
20201028002709315
20201028002709357
20201028002709399
20201028002709439
20201028002709479
20201028002709525
20201028002709565
20201028002709604
20201028002709645
20201028002709685
20201028002709728
20201028002709768
20201028002709807
20201028002709848
20201028002709891
20201028002709932
20201028002709972
20201028002710012
20201028002710052
20201028002710097
20201028002710137
20201028002710177
20201028002710217
20201028002710257
20201028002710299
20201028002710339
20201028002710382
20201028002710427
20201028002710469
20201028002710511
20201028002710552
20201028002710593
20201028002710634
20201028002710675
20201028002710715
20201028002710758
20201028002710799
20201028002710839
20201028002710880
20201028002710923
20201028002710963
20201028002711002
20201028002711045
20201028002711086
20201028002711128
20201028002711168
20201028002711210
20201028002711251
20201028002711298
20201028002711338
20201028002711378
20201028002711420
20201028002711462
20201028002711502
20201028002711546
20201028002711593
20201028002711634
20201028002711674
20201028002711717
20201028002711759
20201028002711799
20201028002711840
20201028002711881
20201028002711921
20201028002711963
20201028002712002
20201028002712043
20201028002712083
20201028002712128
20201028002712168
20201028002712209
20201028002712251
20201028002712293
20201028002712334
20201028002712375
20201028002712417
20201028002712461
20201028002712502
20201028002712544
20201028002712585
20201028002712627
20201028002712667
20201028002712706
20201028002712747
20201028002712792
20201028002712833
20201028002712873
20201028002712914
20201028002712955
20201028002712996
20201028002713037
20201028002713077
20201028002713123
20201028002713164
20201028002713205
20201028002713247
20201028002713288
20201028002713329
20201028002713369
20201028002713410
20201028002713450
20201028002713494
20201028002713534
20201028002713575
20201028002713616
20201028002713659
20201028002713700
20201028002713740
20201028002713781
20201028002713822
20201028002713864
20201028002713904
20201028002713945
20201028002713991
20201028002714032
20201028002714073
20201028002714114
20201028002714155
20201028002714196
20201028002714239
20201028002714280
20201028002714319
20201028002714360
20201028002714400
20201028002714441
20201028002714482
20201028002714523
20201028002714565
20201028002714605
20201028002714651
20201028002714694
20201028002714736
20201028002714776
20201028002714818
20201028002714861
20201028002714902
20201028002714943
20201028002714982
20201028002715025
20201028002715066
20201028002715106
20201028002715146
20201028002715187
20201028002715229
20201028002715269
20201028002715310
20201028002715351
20201028002715395
20201028002715436
20201028002715476
20201028002715518
20201028002715561
20201028002715602
20201028002715643
20201028002715684
20201028002715728
20201028002715770
20201028002715811
20201028002715855
20201028002715896
20201028002715939
20201028002715981
20201028002716022
20201028002716064
20201028002716105
20201028002716146
20201028002716187
20201028002716229
20201028002716270
20201028002716311
20201028002716353
20201028002716396
20201028002716436
20201028002716477
20201028002716519
20201028002716562
20201028002716604
20201028002716645
20201028002716686
20201028002716729
20201028002716768
20201028002716810
20201028002716851
20201028002716892
20201028002716932
20201028002716972
20201028002717012
20201028002717053
20201028002717094
20201028002717135
20201028002717176
20201028002717215
20201028002717257
20201028002717297
20201028002717337
20201028002717378
20201028002717418
20201028002717460
20201028002717500
20201028002717541
20201028002717581
20201028002717626
20201028002717668
20201028002717709
20201028002717751
20201028002717792
20201028002717833
20201028002717874
20201028002717915
20201028002717958
20201028002717998
20201028002718040
20201028002718081
20201028002718121
20201028002718163
20201028002718203
20201028002718245
20201028002718289
20201028002718332
20201028002718373
20201028002718414
20201028002718455
20201028002718496
20201028002718536
20201028002718577
20201028002718618
20201028002718661
20201028002718701
20201028002718741
20201028002718787
20201028002718830
20201028002718870
20201028002718912
20201028002718975
20201028002719015
20201028002719066
20201028002719110
20201028002719151
20201028002719192
20201028002719232
20201028002719273
20201028002719313
20201028002719354
20201028002719395
20201028002719435
20201028002719476
20201028002719517
20201028002719561
20201028002719600
20201028002719642
20201028002719685
20201028002719726
20201028002719765
20201028002719804
20201028002719845
20201028002719893
20201028002719934
20201028002719974
20201028002720015
20201028002720057
20201028002720098
20201028002720138
20201028002720180
20201028002720222
20201028002720264
20201028002720304
20201028002720345
20201028002720385
20201028002720428
20201028002720468
20201028002720509
20201028002720551
20201028002720594
20201028002720634
20201028002720675
20201028002720718
20201028002720758
20201028002720798
20201028002720842
20201028002720882
20201028002720927
20201028002720968
20201028002721009
20201028002721049
20201028002721093
20201028002721133
20201028002721174
20201028002721214
20201028002721256
20201028002721297
20201028002721337
20201028002721382
20201028002721424
20201028002721464
20201028002721504
20201028002721544
20201028002721583
20201028002721626
20201028002721665
20201028002721710
20201028002721752
20201028002721794
20201028002721835
20201028002721877
20201028002721916
20201028002721956
20201028002721998
20201028002722039
20201028002722080
20201028002722122
20201028002722168
20201028002722207
20201028002722248
20201028002722287
20201028002722329
20201028002722369
20201028002722412
20201028002722462
20201028002722503
20201028002722542
20201028002722582
20201028002722625
20201028002722664
20201028002722704
20201028002722750
20201028002722792
20201028002722832
20201028002722872
20201028002722913
20201028002722954
20201028002722997
20201028002723037
20201028002723078
20201028002723119
20201028002723162
20201028002723202
20201028002723247
20201028002723288
20201028002723330
20201028002723369
20201028002723410
20201028002723452
20201028002723493
20201028002723533
20201028002723573
20201028002723614
20201028002723655
20201028002723696
20201028002723738
20201028002723779
20201028002723820
20201028002723861
20201028002723903
20201028002723945
20201028002723985
20201028002724026
20201028002724069
20201028002724110
20201028002724153
20201028002724196
20201028002724236
20201028002724275
20201028002724316
20201028002724357
20201028002724399
20201028002724439
20201028002724480
20201028002724528
20201028002724567
20201028002724609
20201028002724654
20201028002724695
20201028002724737
20201028002724778
20201028002724820
20201028002724862
20201028002724902
20201028002724948
20201028002724989
20201028002725030
20201028002725070
20201028002725113
20201028002725155
20201028002725195
20201028002725236
20201028002725277
20201028002725318
20201028002725360
20201028002725401
20201028002725443
20201028002725484
20201028002725526
20201028002725566
20201028002725609
20201028002725650
20201028002725690
20201028002725731
20201028002725772
20201028002725813
20201028002725855
20201028002725896
20201028002725935
20201028002725976
20201028002726017
20201028002726057
20201028002726098
20201028002726138
20201028002726184
20201028002726227
20201028002726267
20201028002726309
20201028002726350
20201028002726390
20201028002726432
20201028002726472
20201028002726512
20201028002726556
20201028002726597
20201028002726637
20201028002726679
20201028002726720
20201028002726762
20201028002726802
20201028002726845
20201028002726891
20201028002726932
20201028002726975
20201028002727018
20201028002727061
20201028002727101
20201028002727142
20201028002727183
20201028002727225
20201028002727267
20201028002727307
20201028002727347
20201028002727388
20201028002727429
20201028002727470
20201028002727511
20201028002727553
20201028002727594
20201028002727634
20201028002727674
20201028002727716
20201028002727757
20201028002727797
20201028002727837
20201028002727878
20201028002727919
20201028002727961
20201028002728000
20201028002728044
20201028002728086
20201028002728126
20201028002728166
20201028002728205
20201028002728246
20201028002728289
20201028002728333
20201028002728373
20201028002728416
20201028002728458
20201028002728499
20201028002728540
20201028002728585
20201028002728625
20201028002728665
20201028002728706
20201028002728749
20201028002728791
20201028002728831
20201028002728873
20201028002728915
20201028002728958
20201028002728998
20201028002729037
20201028002729078
20201028002729118
20201028002729160
20201028002729199
20201028002729239
20201028002729280
20201028002729322
20201028002729362
20201028002729403
20201028002729446
20201028002729488
20201028002729531
20201028002729571
20201028002729612
20201028002729655
20201028002729696
20201028002729736
20201028002729782
20201028002729824
20201028002729864
20201028002729904
20201028002729950
20201028002729991
20201028002730033
20201028002730073
20201028002730116
20201028002730156
20201028002730197
20201028002730237
20201028002730277
20201028002730320
20201028002730362
20201028002730403
20201028002730445
20201028002730485
20201028002730528
20201028002730567
20201028002730608
20201028002730651
20201028002730692
20201028002730732
20201028002730773
20201028002730815
20201028002730854
20201028002730895
20201028002730935
20201028002730977
20201028002731017
20201028002731061
20201028002731101
20201028002731144
20201028002731186
20201028002731227
20201028002731268
20201028002731309
20201028002731350
20201028002731391
20201028002731433
20201028002731473
20201028002731515
20201028002731556
20201028002731596
20201028002731637
20201028002731681
20201028002731721
20201028002731762
20201028002731802
20201028002731845
20201028002731886
20201028002731926
20201028002731966
20201028002732009
20201028002732049
20201028002732090
20201028002732131
20201028002732171
20201028002732211
20201028002732253
20201028002732294
20201028002732334
20201028002732375
20201028002732415
20201028002732455
20201028002732496
20201028002732536
20201028002732576
20201028002732618
20201028002732658
20201028002732697
20201028002732739
20201028002732784
20201028002732824
20201028002732870
20201028002732912
20201028002732953
20201028002732994
20201028002733034
20201028002733080
20201028002733119
20201028002733161
20201028002733201
20201028002733242
20201028002733282
20201028002733324
20201028002733365
20201028002733405
20201028002733451
20201028002733493
20201028002733534
20201028002733581
20201028002733621
20201028002733662
20201028002733702
20201028002733743
20201028002733784
20201028002733826
20201028002733866
20201028002733906
20201028002733948
20201028002733989
20201028002734030
20201028002734070
20201028002734110
20201028002734151
20201028002734193
20201028002734234
20201028002734277
20201028002734320
20201028002734362
20201028002734402
20201028002734442
20201028002734482
20201028002734525
20201028002734565
20201028002734604
20201028002734646
20201028002734686
20201028002734729
20201028002734768
20201028002734810
20201028002734851
20201028002734893
20201028002734934
20201028002734976
20201028002735016
20201028002735056
20201028002735097
20201028002735137
20201028002735180
20201028002735221
20201028002735261
20201028002735302
20201028002735343
20201028002735385
20201028002735427
20201028002735466
20201028002735507
20201028002735548
20201028002735589
20201028002735631
20201028002735671
20201028002735713
20201028002735752
20201028002735793
20201028002735836
20201028002735878
20201028002735918
20201028002735957
20201028002735998
20201028002736037
20201028002736081
20201028002736121
20201028002736161
20201028002736201
20201028002736247
20201028002736287
20201028002736329
20201028002736370
20201028002736411
20201028002736453
20201028002736494
20201028002736534
20201028002736574
20201028002736616
20201028002736656
20201028002736697
20201028002736737
20201028002736778
20201028002736819
20201028002736861
20201028002736902
20201028002736945
20201028002736986
20201028002737030
20201028002737069
20201028002737112
20201028002737156
20201028002737196
20201028002737236
20201028002737279
20201028002737320
20201028002737360
20201028002737400
20201028002737440
20201028002737486
20201028002737528
20201028002737569
20201028002737612
20201028002737653
20201028002737693
20201028002737734
20201028002737776
20201028002737816
20201028002737859
20201028002737900
20201028002737940
20201028002737985
20201028002738028
20201028002738073
20201028002738116
20201028002738164
20201028002738205
20201028002738249
20201028002738289
20201028002738331
20201028002738371
20201028002738416
20201028002738457
20201028002738497
20201028002738538
20201028002738578
20201028002738619
20201028002738660
20201028002738700
20201028002738748
20201028002738788
20201028002738828
20201028002738868
20201028002738909
20201028002738954
20201028002738995
20201028002739035
20201028002739081
20201028002739121
20201028002739162
20201028002739202
20201028002739245
20201028002739286
20201028002739327
20201028002739368
20201028002739412
20201028002739454
20201028002739495
20201028002739543
20201028002739584
20201028002739626
20201028002739667
20201028002739707
20201028002739753
20201028002739793
20201028002739834
20201028002739876
20201028002739920
20201028002739962
20201028002740002
20201028002740049
20201028002740089
20201028002740130
20201028002740171
20201028002740215
20201028002740255
20201028002740296
20201028002740337
20201028002740379
20201028002740420
20201028002740461
20201028002740501
20201028002740543
20201028002740586
20201028002740626
20201028002740668
20201028002740710
20201028002740750
20201028002740790
20201028002740833
20201028002740874
20201028002740915
20201028002740956
20201028002740996
20201028002741038
20201028002741080
20201028002741123
20201028002741164
20201028002741209
20201028002741249
20201028002741289
20201028002741329
20201028002741370
20201028002741412
20201028002741453
20201028002741493
20201028002741532
20201028002741576
20201028002741617
20201028002741658
20201028002741699
20201028002741740
20201028002741782
20201028002741822
20201028002741863
20201028002741903
20201028002741945
20201028002741986
20201028002742028
20201028002742069
20201028002742111
20201028002742152
20201028002742194
20201028002742235
20201028002742276
20201028002742316
20201028002742357
20201028002742397
20201028002742438
20201028002742483
20201028002742526
20201028002742565
20201028002742606
20201028002742646
20201028002742688
20201028002742730
20201028002742773
20201028002742814
20201028002742855
20201028002742894
20201028002742937
20201028002742979
20201028002743019
20201028002743060
20201028002743100
20201028002743146
20201028002743185
20201028002743228
20201028002743269
20201028002743311
20201028002743352
20201028002743393
20201028002743434
20201028002743481
20201028002743520
20201028002743560
20201028002743600
20201028002743645
20201028002743687
20201028002743727
20201028002743768
20201028002743810
20201028002743850
20201028002743890
20201028002743931
20201028002743971
20201028002744012
20201028002744053
20201028002744094
20201028002744134
20201028002744177
20201028002744217
20201028002744259
20201028002744298
20201028002744343
20201028002744383
20201028002744422
20201028002744464
20201028002744504
20201028002744546
20201028002744587
20201028002744628
20201028002744669
20201028002744710
20201028002744754
20201028002744794
20201028002744834
20201028002744874
20201028002744919
20201028002744959
20201028002744999
20201028002745041
20201028002745083
20201028002745128
20201028002745168
20201028002745210
20201028002745250
20201028002745291
20201028002745332
20201028002745376
20201028002745416
20201028002745456
20201028002745496
20201028002745537
20201028002745578
20201028002745618
20201028002745660
20201028002745701
20201028002745743
20201028002745783
20201028002745823
20201028002745863
20201028002745903
20201028002745946
20201028002745985
20201028002746027
20201028002746082
20201028002746123
20201028002746164
20201028002746204
20201028002746245
20201028002746285
20201028002746327
20201028002746368
20201028002746412
20201028002746455
20201028002746496
20201028002746541
20201028002746582
20201028002746622
20201028002746663
20201028002746705
20201028002746747
20201028002746787
20201028002746827
20201028002746867
20201028002746909
20201028002746951
20201028002746993
20201028002747035
20201028002747078
20201028002747117
20201028002747157
20201028002747198
20201028002747245
20201028002747284
20201028002747324
20201028002747365
20201028002747405
20201028002747451
20201028002747492
20201028002747540
20201028002747580
20201028002747621
20201028002747662
20201028002747706
20201028002747747
20201028002747787
20201028002747828
20201028002747868
20201028002747911
20201028002747952
20201028002747993
20201028002748033
20201028002748077
20201028002748118
20201028002748158
20201028002748199
20201028002748240
20201028002748283
20201028002748326
20201028002748366
20201028002748407
20201028002748450
20201028002748490
20201028002748531
20201028002748573
20201028002748619
20201028002748659
20201028002748699
20201028002748741
20201028002748783
20201028002748824
20201028002748865
20201028002748906
20201028002748947
20201028002748988
20201028002749030
20201028002749077
20201028002749118
20201028002749160
20201028002749200
20201028002749243
20201028002749284
20201028002749326
20201028002749365
20201028002749408
20201028002749449
20201028002749489
20201028002749531
20201028002749571
20201028002749614
20201028002749654
20201028002749694
20201028002749735
20201028002749780
20201028002749820
20201028002749861
20201028002749902
20201028002749944
20201028002749985
20201028002750026
20201028002750065
20201028002750106
20201028002750146
20201028002750189
20201028002750229
20201028002750269
20201028002750311
20201028002750351
20201028002750394
20201028002750434
20201028002750476
20201028002750518
20201028002750559
20201028002750600
20201028002750644
20201028002750684
20201028002750725
20201028002750767
20201028002750807
20201028002750851
20201028002750891
20201028002750932
20201028002750974
20201028002751019
20201028002751059
20201028002751100
20201028002751143
20201028002751183
20201028002751224
20201028002751264
20201028002751305
20201028002751347
20201028002751388
20201028002751429
20201028002751469
20201028002751511
20201028002751553
20201028002751595
20201028002751637
20201028002751679
20201028002751719
20201028002751761
20201028002751801
20201028002751843
20201028002751883
20201028002751926
20201028002751966
20201028002752007
20201028002752049
20201028002752089
20201028002752130
20201028002752173
20201028002752215
20201028002752255
20201028002752295
20201028002752340
20201028002752382
20201028002752422
20201028002752462
20201028002752503
20201028002752545
20201028002752585
20201028002752627
20201028002752667
20201028002752710
20201028002752750
20201028002752792
20201028002752833
20201028002752877
20201028002752917
20201028002752960
20201028002753002
20201028002753045
20201028002753085
20201028002753126
20201028002753172
20201028002753215
20201028002753255
20201028002753296
20201028002753338
20201028002753388
20201028002753428
20201028002753470
20201028002753512
20201028002753551
20201028002753592
20201028002753632
20201028002753672
20201028002753712
20201028002753752
20201028002753794
20201028002753836
20201028002753878
20201028002753920
20201028002753960
20201028002754002
20201028002754046
20201028002754087
20201028002754129
20201028002754170
20201028002754212
20201028002754254
20201028002754295
20201028002754335
20201028002754376
20201028002754416
20201028002754456
20201028002754499
20201028002754541
20201028002754585
20201028002754626
20201028002754668
20201028002754707
20201028002754749
20201028002754789
20201028002754830
20201028002754873
20201028002754913
20201028002754953
20201028002754995
20201028002755037
20201028002755079
20201028002755118
20201028002755160
20201028002755202
20201028002755249
20201028002755289
20201028002755333
20201028002755375
20201028002755415
20201028002755456
20201028002755496
20201028002755536
20201028002755577
20201028002755621
20201028002755662
20201028002755702
20201028002755744
20201028002755784
20201028002755825
20201028002755870
20201028002755912
20201028002755952
20201028002755994
20201028002756036
20201028002756077
20201028002756118
20201028002756160
20201028002756201
20201028002756243
20201028002756284
20201028002756325
20201028002756365
20201028002756405
20201028002756445
20201028002756487
20201028002756528
20201028002756568
20201028002756613
20201028002756653
20201028002756693
20201028002756733
20201028002756775
20201028002756816
20201028002756856
20201028002756896
20201028002756938
20201028002756978
20201028002757020
20201028002757062
20201028002757103
20201028002757148
20201028002757189
20201028002757229
20201028002757272
20201028002757314
20201028002757356
20201028002757397
20201028002757438
20201028002757479
20201028002757519
20201028002757559
20201028002757599
20201028002757642
20201028002757683
20201028002757727
20201028002757769
20201028002757810
20201028002757850
20201028002757890
20201028002757932
20201028002757972
20201028002758013
20201028002758053
20201028002758094
20201028002758138
20201028002758180
20201028002758222
20201028002758263
20201028002758305
20201028002758350
20201028002758389
20201028002758431
20201028002758470
20201028002758511
20201028002758551
20201028002758592
20201028002758632
20201028002758673
20201028002758713
20201028002758754
20201028002758796
20201028002758839
20201028002758881
20201028002758924
20201028002758964
20201028002759010
20201028002759051
20201028002759092
20201028002759138
20201028002759179
20201028002759219
20201028002759262
20201028002759302
20201028002759345
20201028002759385
20201028002759427
20201028002759469
20201028002759511
20201028002759550
20201028002759590
20201028002759631
20201028002759673
20201028002759713
20201028002759753
20201028002759795
20201028002759838
20201028002759881
20201028002759921
20201028002759962
20201028002800003
20201028002800048
20201028002800089
20201028002800131
20201028002800171
20201028002800213
20201028002800253
20201028002800294
20201028002800336
20201028002800377
20201028002800417
20201028002800458
20201028002800500
20201028002800541
20201028002800582
20201028002800622
20201028002800663
20201028002800707
20201028002800747
20201028002800787
20201028002800828
20201028002800868
20201028002800913
20201028002800956
20201028002800999
20201028002801042
20201028002801083
20201028002801123
20201028002801163
20201028002801208
20201028002801248
20201028002801288
20201028002801330
20201028002801370
20201028002801411
20201028002801452
20201028002801494
20201028002801535
20201028002801576
20201028002801616
20201028002801656
20201028002801697
20201028002801739
20201028002801780
20201028002801819
20201028002801861
20201028002801901
20201028002801946
20201028002801987
20201028002802031
20201028002802077
20201028002802116
20201028002802157
20201028002802199
20201028002802239
20201028002802280
20201028002802322
20201028002802364
20201028002802405
20201028002802446
20201028002802487
20201028002802527
20201028002802569
20201028002802610
20201028002802651
20201028002802692
20201028002802732
20201028002802778
20201028002802818
20201028002802858
20201028002802899
20201028002802942
20201028002802984
20201028002803028
20201028002803068
20201028002803109
20201028002803149
20201028002803189
20201028002803241
20201028002803281
20201028002803321
20201028002803363
20201028002803405
20201028002803445
20201028002803485
20201028002803527
20201028002803573
20201028002803613
20201028002803653
20201028002803694
20201028002803739
20201028002803780
20201028002803819
20201028002803860
20201028002803904
20201028002803946
20201028002803986
20201028002804029
20201028002804070
20201028002804111
20201028002804151
20201028002804192
20201028002804239
20201028002804279
20201028002804319
20201028002804360
20201028002804401
20201028002804444
20201028002804484
20201028002804528
20201028002804568
20201028002804608
20201028002804649
20201028002804694
20201028002804735
20201028002804777
20201028002804817
20201028002804859
20201028002804899
20201028002804944
20201028002804985
20201028002805028
20201028002805069
20201028002805111
20201028002805151
20201028002805196
20201028002805239
20201028002805280
20201028002805321
20201028002805363
20201028002805405
20201028002805448
20201028002805488
20201028002805529
20201028002805570
20201028002805610
20201028002805650
20201028002805693
20201028002805735
20201028002805781
20201028002805820
20201028002805863
20201028002805904
20201028002805945
20201028002805985
20201028002806035
20201028002806076
20201028002806116
20201028002806157
20201028002806198
20201028002806239
20201028002806279
20201028002806320
20201028002806362
20201028002806403
20201028002806447
20201028002806489
20201028002806532
20201028002806576
20201028002806617
20201028002806659
20201028002806699
20201028002806740
20201028002806781
20201028002806823
20201028002806866
20201028002806907
20201028002806948
20201028002806988
20201028002807031
20201028002807071
20201028002807115
20201028002807155
20201028002807201
20201028002807243
20201028002807284
20201028002807325
20201028002807366
20201028002807407
20201028002807450
20201028002807492
20201028002807533
20201028002807574
20201028002807616
20201028002807656
20201028002807697
20201028002807738
20201028002807779
20201028002807821
20201028002807861
20201028002807903
20201028002807946
20201028002807993
20201028002808039
20201028002808081
20201028002808122
20201028002808165
20201028002808206
20201028002808246
20201028002808286
20201028002808329
20201028002808370
20201028002808410
20201028002808451
20201028002808492
20201028002808535
20201028002808576
20201028002808615
20201028002808655
20201028002808700
20201028002808741
20201028002808781
20201028002808824
20201028002808866
20201028002808908
20201028002808948
20201028002808989
20201028002809029
20201028002809070
20201028002809110
20201028002809150
20201028002809192
20201028002809236
20201028002809277
20201028002809317
20201028002809357
20201028002809402
20201028002809443
20201028002809482
20201028002809522
20201028002809564
20201028002809606
20201028002809645
20201028002809686
20201028002809727
20201028002809769
20201028002809812
20201028002809852
20201028002809894
20201028002809938
20201028002809978
20201028002810017
20201028002810059
20201028002810101
20201028002810142
20201028002810184
20201028002810224
20201028002810266
20201028002810307
20201028002810348
20201028002810388
20201028002810432
20201028002810472
20201028002810513
20201028002810553
20201028002810594
20201028002810638
20201028002810679
20201028002810719
20201028002810760
20201028002810801
20201028002810844
20201028002810883
20201028002810927
20201028002810971
20201028002811012
20201028002811051
20201028002811093
20201028002811140
20201028002811181
20201028002811221
20201028002811263
20201028002811306
20201028002811347
20201028002811386
20201028002811432
20201028002811472
20201028002811513
20201028002811553
20201028002811594
20201028002811637
20201028002811678
20201028002811719
20201028002811760
20201028002811801
20201028002811842
20201028002811882
20201028002811923
20201028002811964
20201028002812005
20201028002812049
20201028002812094
20201028002812136
20201028002812179
20201028002812219
20201028002812260
20201028002812301
20201028002812342
20201028002812382
20201028002812426
20201028002812468
20201028002812509
20201028002812550
20201028002812590
20201028002812631
20201028002812673
20201028002812713
20201028002812753
20201028002812794
20201028002812835
20201028002812877
20201028002812920
20201028002812961
20201028002813001
20201028002813044
20201028002813083
20201028002813125
20201028002813168
20201028002813210
20201028002813250
20201028002813291
20201028002813333
20201028002813378
20201028002813419
20201028002813460
20201028002813505
20201028002813546
20201028002813586
20201028002813629
20201028002813673
20201028002813715
20201028002813756
20201028002813799
20201028002813839
20201028002813880
20201028002813919
20201028002813961
20201028002814003
20201028002814045
20201028002814084
20201028002814127
20201028002814168
20201028002814209
20201028002814250
20201028002814291
20201028002814331
20201028002814372
20201028002814415
20201028002814455
20201028002814497
20201028002814538
20201028002814579
20201028002814618
20201028002814663
20201028002814706
20201028002814747
20201028002814787
20201028002814833
20201028002814873
20201028002814917
20201028002814958
20201028002815000
20201028002815045
20201028002815085
20201028002815127
20201028002815168
20201028002815210
20201028002815250
20201028002815292
20201028002815333
20201028002815376
20201028002815417
20201028002815461
20201028002815503
20201028002815544
20201028002815584
20201028002815630
20201028002815670
20201028002815710
20201028002815749
20201028002815789
20201028002815833
20201028002815875
20201028002815919
20201028002815959
20201028002816001
20201028002816043
20201028002816084
20201028002816125
20201028002816168
20201028002816210
20201028002816250
20201028002816292
20201028002816333
20201028002816373
20201028002816415
20201028002816457
20201028002816500
20201028002816543
20201028002816584
20201028002816627
20201028002816669
20201028002816712
20201028002816751
20201028002816794
20201028002816837
20201028002816878
20201028002816917
20201028002816959
20201028002817000
20201028002817048
20201028002817088
20201028002817130
20201028002817172
20201028002817213
20201028002817254
20201028002817296
20201028002817338
20201028002817378
20201028002817419
20201028002817459
20201028002817500
20201028002817543
20201028002817583
20201028002817624
20201028002817666
20201028002817706
20201028002817750
20201028002817792
20201028002817833
20201028002817876
20201028002817917
20201028002817962
20201028002818003
20201028002818045
20201028002818084
20201028002818126
20201028002818176
20201028002818216
20201028002818257
20201028002818298
20201028002818338
20201028002818379
20201028002818421
20201028002818464
20201028002818506
20201028002818548
20201028002818589
20201028002818631
20201028002818672
20201028002818713
20201028002818753
20201028002818797
20201028002818840
20201028002818881
20201028002818921
20201028002818963
20201028002819009
20201028002819052
20201028002819096
20201028002819136
20201028002819177
20201028002819216
20201028002819256
20201028002819303
20201028002819344
20201028002819385
20201028002819434
20201028002819480
20201028002819535
20201028002819576
20201028002819616
20201028002819668
20201028002819709
20201028002819749
20201028002819790
20201028002819833
20201028002819874
20201028002819916
20201028002819957
20201028002820001
20201028002820045
20201028002820085
20201028002820130
20201028002820170
20201028002820210
20201028002820252
20201028002820293
20201028002820334
20201028002820377
20201028002820416
20201028002820458
20201028002820503
20201028002820545
20201028002820584
20201028002820627
20201028002820668
20201028002820709
20201028002820749
20201028002820793
20201028002820835
